4.69, 1.13, 0.02
4.86, 1.14, 0.04
4.23, 1.26, 0.04
4.23, 1.23, 0.07
4.17, 1.36, 0.08
4.63, 1.2, 0.11
4.4, 1.12, 0.12
4.39, 1.26, 0.15
4.25, 1.32, 0.16
4.83, 1.03, 0.17
4.38, 1.29, 0.2
4.67, 1.01, 0.22
4.9, 0.98, 0.23
4.24, 1.42, 0.24
4.49, 1.03, 0.24
4.69, 1.3, 0.28
4.55, 1.0, 0.28
4.21, 1.13, 0.28
4.28, 1.37, 0.29
4.12, 1.41, 0.29
4.28, 1.07, 0.3
4.1, 1.37, 0.31
4.15, 1.5, 0.37
4.49, 1.37, 0.39
4.89, 0.87, 0.4
4.51, 1.38, 0.41
4.07, 1.32, 0.41
4.62, 0.91, 0.41
4.41, 0.93, 0.46
4.14, 1.54, 0.47
4.07, 1.21, 0.47
4.35, 0.95, 0.47
4.74, 0.85, 0.48
4.13, 1.09, 0.49
4.7, 1.42, 0.49
4.51, 0.88, 0.51
4.66, 1.45, 0.53
4.52, 1.47, 0.56
4.87, 0.77, 0.57
4.32, 0.9, 0.58
4.2, 0.95, 0.63
4.62, 1.5, 0.63
4.74, 1.54, 0.68
4.56, 1.53, 0.69
4.0, 1.17, 0.7
4.49, 1.54, 0.7
4.4, 1.56, 0.73
4.52, 1.56, 0.73
4.47, 1.57, 0.76
4.38, 1.6, 0.8
4.3, 1.64, 0.83
4.53, 1.62, 0.84
4.93, 0.58, 0.85
4.78, 0.61, 0.85
3.92, 1.33, 0.89
4.63, 1.66, 0.9
4.1, 0.87, 0.91
4.46, 1.67, 0.94
3.91, 1.3, 0.94
4.34, 1.69, 0.96
4.47, 1.69, 0.97
4.28, 0.7, 0.98
4.94, 0.47, 1.03
4.57, 0.55, 1.04
3.98, 0.93, 1.06
4.65, 1.76, 1.07
3.89, 1.58, 1.07
3.99, 0.89, 1.08
4.01, 1.77, 1.08
3.93, 1.68, 1.08
4.0, 0.87, 1.09
3.97, 1.77, 1.13
4.48, 0.51, 1.16
4.26, 1.81, 1.17
4.8, 0.37, 1.22
4.89, 0.35, 1.22
4.98, 0.33, 1.22
4.35, 1.82, 1.22
4.45, 0.47, 1.23
4.89, 0.34, 1.24
4.32, 0.53, 1.24
4.66, 0.37, 1.28
3.96, 1.87, 1.32
3.83, 1.7, 1.32
4.08, 1.93, 1.34
4.17, 0.55, 1.34
3.9, 0.85, 1.34
3.86, 0.93, 1.34
4.33, 0.42, 1.41
4.92, 0.22, 1.41
3.91, 0.77, 1.41
4.5, 0.34, 1.41
4.34, 0.4, 1.43
4.2, 1.95, 1.44
4.37, 0.38, 1.44
3.74, 1.34, 1.44
3.88, 1.87, 1.44
4.12, 1.98, 1.46
3.9, 1.91, 1.46
3.98, 0.63, 1.47
3.95, 1.95, 1.47
4.23, 0.41, 1.5
4.16, 0.45, 1.51
4.23, 1.97, 1.51
3.72, 1.22, 1.53
4.51, 2.04, 1.56
3.71, 1.24, 1.56
4.58, 0.21, 1.57
4.0, 2.03, 1.59
3.69, 1.3, 1.6
3.86, 1.99, 1.66
4.19, 2.07, 1.71
4.43, 0.17, 1.72
4.09, 0.35, 1.74
4.13, 0.32, 1.74
3.66, 1.08, 1.76
4.31, 0.2, 1.77
4.39, 2.15, 1.79
3.75, 0.74, 1.8
3.82, 2.05, 1.82
4.13, 0.27, 1.84
4.5, 0.03, 1.89
4.56, 0.01, 1.89
4.35, 0.08, 1.92
4.54, 0.0, 1.92
3.59, 1.63, 1.92
3.61, 1.04, 1.92
4.59, -0.02, 1.92
3.78, 0.57, 1.93
4.97, -0.17, 1.94
3.57, 1.35, 1.94
4.81, -0.14, 1.96
3.55, 1.6, 2.0
3.98, 0.27, 2.01
3.77, 0.5, 2.03
3.56, 1.1, 2.03
3.85, 0.39, 2.03
4.71, -0.15, 2.03
4.77, -0.18, 2.04
3.53, 1.28, 2.05
3.55, 1.15, 2.05
4.05, 0.18, 2.05
4.72, -0.17, 2.06
4.24, 0.05, 2.06
4.81, -0.22, 2.08
3.71, 2.13, 2.08
3.77, 0.47, 2.08
3.59, 0.89, 2.08
4.41, 2.34, 2.09
3.99, 0.2, 2.09
4.23, 2.28, 2.09
4.33, -0.03, 2.11
4.78, -0.25, 2.13
3.5, 1.22, 2.15
4.59, -0.21, 2.18
4.88, -0.32, 2.19
3.47, 1.6, 2.21
3.48, 1.26, 2.21
4.7, -0.29, 2.23
3.7, 0.43, 2.24
4.26, 2.39, 2.25
3.67, 0.47, 2.25
4.54, -0.23, 2.26
3.65, 2.18, 2.27
4.86, -0.38, 2.27
4.11, -0.02, 2.28
3.92, 0.13, 2.29
3.62, 0.52, 2.31
3.9, 0.11, 2.33
3.42, 1.47, 2.34
3.45, 1.82, 2.34
4.75, -0.38, 2.34
4.93, -0.47, 2.35
4.76, -0.4, 2.35
4.62, -0.34, 2.35
3.43, 1.71, 2.36
3.56, 2.14, 2.36
4.19, 2.45, 2.38
4.25, 2.48, 2.39
3.44, 1.03, 2.39
4.55, -0.35, 2.41
3.43, 1.04, 2.41
4.18, 2.48, 2.42
3.87, 0.08, 2.42
3.83, 0.11, 2.43
4.02, -0.07, 2.44
3.41, 1.06, 2.44
3.38, 1.45, 2.44
4.59, -0.39, 2.44
3.71, 2.36, 2.45
3.65, 0.32, 2.46
3.91, 0.01, 2.47
4.1, 2.47, 2.47
3.64, 2.33, 2.48
4.27, 2.55, 2.48
3.57, 2.28, 2.51
4.36, -0.33, 2.51
4.88, -0.58, 2.52
4.25, -0.29, 2.54
3.43, 2.08, 2.55
3.85, 0.0, 2.55
3.5, 2.22, 2.55
4.68, -0.51, 2.55
4.18, 2.57, 2.56
3.57, 0.38, 2.56
4.29, -0.33, 2.57
3.4, 0.89, 2.57
3.72, 2.43, 2.58
3.53, 2.29, 2.59
4.81, -0.61, 2.59
3.75, 0.07, 2.6
3.35, 1.88, 2.6
3.36, 1.04, 2.6
3.65, 0.18, 2.61
4.9, -0.65, 2.61
3.55, 0.36, 2.61
3.5, 0.49, 2.61
3.38, 2.03, 2.62
3.41, 2.12, 2.62
3.48, 0.49, 2.64
3.46, 0.49, 2.68
3.71, 0.05, 2.68
3.89, 2.53, 2.69
3.29, 1.46, 2.69
4.7, -0.63, 2.69
3.54, 0.29, 2.7
3.37, 2.14, 2.71
3.28, 1.37, 2.71
3.99, 2.58, 2.71
4.29, -0.44, 2.71
3.3, 1.86, 2.71
3.8, 2.53, 2.72
3.27, 1.69, 2.73
3.88, -0.16, 2.73
3.92, 2.57, 2.74
4.01, -0.27, 2.74
4.14, -0.38, 2.75
3.83, 2.55, 2.75
4.4, -0.53, 2.76
4.02, 2.64, 2.77
4.42, -0.57, 2.78
4.81, -0.76, 2.79
3.3, 2.05, 2.8
3.83, 2.57, 2.8
4.26, -0.49, 2.8
3.95, 2.63, 2.81
3.23, 1.62, 2.82
3.29, 0.9, 2.82
4.31, -0.54, 2.82
4.05, 2.68, 2.82
3.28, 2.02, 2.83
4.03, 2.69, 2.85
4.31, -0.57, 2.87
3.31, 0.71, 2.87
4.21, -0.51, 2.87
3.4, 2.36, 2.88
4.71, -0.8, 2.89
4.82, -0.86, 2.9
4.33, -0.61, 2.9
3.61, 2.55, 2.9
3.44, 2.43, 2.91
4.52, -0.73, 2.92
4.66, -0.81, 2.93
3.65, -0.09, 2.93
3.28, 0.76, 2.93
3.49, 0.15, 2.93
3.32, 2.27, 2.93
3.2, 1.27, 2.94
3.81, 2.64, 2.94
3.23, 0.99, 2.94
3.24, 2.08, 2.95
3.21, 1.08, 2.95
3.23, 0.89, 2.97
3.22, 0.96, 2.97
4.18, -0.58, 2.98
3.18, 1.24, 2.99
4.85, -0.96, 3.0
3.46, 0.14, 3.0
3.25, 0.74, 3.0
4.17, -0.6, 3.02
3.16, 1.36, 3.02
3.17, 1.14, 3.03
3.95, -0.45, 3.03
3.63, 2.63, 3.03
3.66, 2.65, 3.05
3.18, 0.96, 3.06
3.21, 2.17, 3.06
4.59, -0.88, 3.07
4.52, -0.85, 3.07
3.33, 2.44, 3.08
3.12, 1.43, 3.09
3.36, 2.49, 3.1
3.13, 1.82, 3.1
3.21, 2.26, 3.12
3.4, 2.55, 3.13
3.2, 2.27, 3.13
4.07, -0.62, 3.14
3.41, 0.06, 3.15
3.45, -0.01, 3.15
4.48, -0.89, 3.15
3.34, 0.21, 3.16
4.52, -0.93, 3.16
3.21, 0.6, 3.18
3.96, -0.58, 3.19
3.15, 0.82, 3.2
3.53, -0.18, 3.21
3.93, 2.91, 3.22
4.49, -0.98, 3.24
3.1, 0.99, 3.25
3.97, -0.66, 3.27
4.18, -0.81, 3.27
3.31, 2.58, 3.28
3.46, 2.69, 3.28
3.11, 0.81, 3.29
3.87, -0.6, 3.29
4.51, -1.03, 3.3
4.71, -1.15, 3.3
3.07, 1.1, 3.3
4.54, -1.06, 3.31
4.26, -0.9, 3.31
4.75, -1.17, 3.31
3.87, 2.95, 3.32
3.74, 2.87, 3.32
3.74, -0.52, 3.33
3.01, 1.62, 3.35
4.19, -0.9, 3.36
4.67, -1.18, 3.36
3.13, 2.4, 3.36
3.08, 0.84, 3.37
4.47, -1.08, 3.38
3.22, 2.55, 3.39
3.86, -0.68, 3.39
3.85, -0.67, 3.39
4.27, -0.97, 3.39
3.0, 1.94, 3.4
3.33, 2.68, 3.4
3.15, 2.48, 3.41
4.48, -1.13, 3.42
2.97, 1.88, 3.44
3.16, 2.54, 3.45
3.14, 0.35, 3.46
3.53, -0.41, 3.46
4.17, -0.97, 3.47
3.21, 2.62, 3.48
3.11, 0.43, 3.48
3.68, 2.96, 3.49
2.95, 1.88, 3.49
4.14, -0.97, 3.5
3.09, 0.47, 3.5
3.36, -0.23, 3.51
2.94, 1.55, 3.51
3.77, -0.71, 3.52
2.93, 1.68, 3.52
4.27, -1.08, 3.52
3.75, 3.04, 3.53
3.74, -0.68, 3.53
3.01, 0.79, 3.54
3.43, -0.35, 3.54
3.66, -0.63, 3.54
4.27, -1.1, 3.54
2.94, 1.29, 3.55
3.02, 2.37, 3.55
2.92, 1.95, 3.56
2.92, 1.94, 3.57
3.85, -0.82, 3.57
3.56, -0.55, 3.57
3.27, -0.15, 3.58
4.17, -1.06, 3.58
4.1, -1.02, 3.58
3.86, -0.83, 3.58
3.68, 3.04, 3.59
2.94, 2.27, 3.62
3.13, 0.12, 3.63
2.98, 2.42, 3.64
3.11, 0.13, 3.65
3.56, 2.99, 3.65
3.47, -0.52, 3.65
4.37, -1.27, 3.65
3.42, -0.47, 3.66
2.97, 2.42, 3.66
2.87, 1.94, 3.66
3.53, -0.6, 3.66
3.5, -0.57, 3.66
3.76, 3.16, 3.67
2.88, 1.41, 3.67
3.19, 2.75, 3.68
3.04, 0.31, 3.68
3.51, -0.59, 3.68
3.07, 2.64, 3.69
3.36, 2.88, 3.69
4.3, -1.25, 3.69
3.74, -0.83, 3.69
2.92, 2.35, 3.7
3.0, 0.45, 3.7
2.85, 1.76, 3.7
2.97, 2.47, 3.71
4.36, -1.33, 3.72
4.58, -1.46, 3.72
4.37, -1.34, 3.72
3.55, 3.05, 3.73
3.06, 0.15, 3.74
4.72, -1.58, 3.75
2.82, 1.59, 3.76
3.98, -1.11, 3.77
3.79, -0.95, 3.77
2.83, 1.43, 3.77
2.99, 0.34, 3.77
2.95, 2.53, 3.77
3.95, -1.07, 3.77
4.7, -1.6, 3.78
3.56, -0.75, 3.79
4.0, -1.14, 3.79
2.88, 0.82, 3.81
4.37, -1.42, 3.81
2.8, 2.08, 3.82
2.93, 2.54, 3.82
3.55, 3.13, 3.82
2.99, 0.26, 3.82
3.19, 2.86, 3.83
4.21, -1.32, 3.83
3.91, -1.1, 3.83
4.28, -1.38, 3.84
2.81, 2.23, 3.85
4.37, -1.46, 3.85
4.42, -1.51, 3.87
4.35, -1.46, 3.87
2.96, 0.21, 3.89
3.89, -1.14, 3.89
2.94, 0.27, 3.9
4.6, -1.68, 3.92
3.13, -0.3, 3.93
3.3, 3.03, 3.94
4.35, -1.53, 3.94
3.07, -0.19, 3.95
2.85, 0.58, 3.96
4.11, -1.4, 3.98
2.72, 1.55, 3.99
2.9, 0.23, 4.0
3.03, 2.84, 4.0
3.31, -0.68, 4.02
2.7, 1.52, 4.03
2.9, 2.72, 4.03
3.78, -1.18, 4.03
3.91, -1.29, 4.03
2.88, 0.25, 4.03
2.78, 0.81, 4.04
4.23, -1.54, 4.04
2.69, 2.08, 4.04
3.63, 3.4, 4.04
2.7, 2.15, 4.04
2.68, 1.64, 4.05
2.74, 1.09, 4.05
3.94, -1.35, 4.06
3.36, 3.18, 4.06
4.08, -1.45, 4.06
4.18, -1.54, 4.07
3.57, 3.38, 4.07
3.5, 3.33, 4.08
3.39, 3.22, 4.08
2.8, 2.59, 4.08
4.6, -1.86, 4.09
2.72, 1.04, 4.09
2.72, 1.08, 4.09
2.7, 2.36, 4.1
4.31, -1.68, 4.11
4.47, -1.78, 4.11
2.84, 0.27, 4.11
3.26, 3.13, 4.11
2.86, 0.16, 4.11
4.54, -1.83, 4.11
4.22, -1.61, 4.11
3.54, 3.4, 4.12
2.94, -0.13, 4.12
4.15, -1.56, 4.12
2.71, 1.01, 4.13
3.54, -1.07, 4.14
3.82, -1.34, 4.15
4.49, -1.84, 4.15
3.24, 3.15, 4.15
2.95, 2.89, 4.16
2.61, 1.95, 4.17
2.84, 0.14, 4.17
3.09, -0.53, 4.17
2.7, 2.49, 4.17
3.1, 3.03, 4.17
2.86, 2.81, 4.18
2.75, 0.51, 4.19
2.91, 2.86, 4.19
2.69, 0.85, 4.21
3.39, 3.36, 4.22
2.6, 2.2, 4.22
3.32, 3.29, 4.22
3.85, -1.45, 4.23
3.5, 3.49, 4.24
3.38, 3.38, 4.24
2.86, -0.09, 4.24
2.58, 1.74, 4.24
2.77, 0.26, 4.24
3.27, -0.88, 4.25
2.74, 0.38, 4.26
3.99, -1.59, 4.26
3.22, -0.85, 4.27
2.98, -0.46, 4.28
3.14, 3.17, 4.28
2.56, 1.95, 4.28
3.07, 3.11, 4.28
4.28, -1.85, 4.29
2.94, 2.99, 4.3
3.41, 3.48, 4.31
3.59, -1.3, 4.31
2.87, -0.26, 4.31
2.65, 0.78, 4.31
2.91, 2.97, 4.32
2.76, 0.12, 4.32
3.8, -1.5, 4.33
4.27, -1.88, 4.33
2.89, 2.97, 4.34
2.52, 1.91, 4.34
4.35, -1.95, 4.34
3.45, -1.18, 4.34
4.31, -1.93, 4.35
2.54, 1.45, 4.36
2.79, -0.09, 4.36
2.78, 2.86, 4.36
2.58, 2.51, 4.37
2.55, 2.39, 4.37
2.52, 1.6, 4.37
2.91, -0.45, 4.37
2.54, 1.35, 4.39
2.5, 2.14, 4.39
2.9, -0.43, 4.39
3.23, -1.0, 4.4
2.49, 2.13, 4.4
2.7, 0.13, 4.41
3.76, -1.57, 4.42
2.84, -0.35, 4.42
3.75, -1.56, 4.42
3.4, 3.62, 4.43
2.97, -0.65, 4.43
2.72, 2.87, 4.44
2.91, -0.57, 4.45
3.3, 3.52, 4.45
3.69, -1.54, 4.46
3.24, 3.47, 4.46
4.36, -2.1, 4.46
2.95, -0.65, 4.46
4.2, -1.98, 4.46
3.33, 3.59, 4.47
3.15, -0.98, 4.47
4.2, -1.99, 4.47
3.15, 3.39, 4.48
2.96, -0.7, 4.48
2.45, 1.82, 4.48
4.46, -2.2, 4.48
2.58, 0.67, 4.49
3.18, -1.05, 4.5
2.44, 2.13, 4.5
2.43, 1.94, 4.5
2.54, 0.86, 4.5
2.5, 1.12, 4.52
3.67, -1.6, 4.53
2.51, 2.6, 4.53
3.15, -1.05, 4.54
3.25, 3.58, 4.54
4.09, -1.98, 4.54
3.88, -1.8, 4.54
2.76, -0.35, 4.55
3.09, 3.41, 4.56
3.01, -0.89, 4.56
3.78, -1.73, 4.56
2.47, 1.12, 4.57
4.33, -2.21, 4.57
4.33, -2.22, 4.58
4.32, -2.21, 4.58
2.39, 2.11, 4.58
2.6, 2.85, 4.59
3.24, 3.63, 4.59
2.72, -0.32, 4.6
2.72, -0.37, 4.61
2.63, -0.01, 4.61
3.38, -1.41, 4.62
2.5, 0.7, 4.62
2.77, -0.52, 4.63
2.67, 2.99, 4.63
4.03, -2.05, 4.65
3.16, -1.21, 4.66
2.5, 0.52, 4.67
2.55, 0.18, 4.67
2.57, 0.12, 4.67
3.02, 3.47, 4.67
3.42, -1.53, 4.68
3.05, -1.1, 4.69
3.09, -1.16, 4.69
2.74, 3.13, 4.69
3.2, -1.3, 4.69
2.32, 2.16, 4.7
3.24, 3.77, 4.7
3.16, 3.69, 4.71
3.43, -1.57, 4.71
2.4, 2.61, 4.71
2.4, 2.63, 4.72
2.34, 1.52, 4.73
2.59, -0.17, 4.73
2.47, 0.5, 4.73
2.97, 3.5, 4.74
2.41, 0.88, 4.74
2.38, 1.15, 4.74
4.3, -2.41, 4.75
2.48, 0.39, 4.75
3.64, -1.83, 4.75
3.22, -1.4, 4.75
2.33, 1.4, 4.76
3.34, -1.54, 4.76
4.15, -2.3, 4.76
2.69, -0.58, 4.77
2.4, 0.87, 4.77
3.68, -1.9, 4.78
2.94, -1.06, 4.78
4.29, -2.46, 4.79
4.23, -2.4, 4.79
2.28, 1.71, 4.79
3.19, 3.82, 4.79
2.34, 1.18, 4.8
3.07, 3.7, 4.8
2.69, -0.63, 4.81
3.11, 3.75, 4.81
2.72, -0.72, 4.82
3.09, -1.31, 4.82
2.28, 1.54, 4.83
2.36, 0.89, 4.83
3.52, -1.82, 4.84
3.41, -1.7, 4.84
2.65, -0.6, 4.85
2.89, 3.53, 4.85
2.93, 3.57, 4.85
3.56, -1.87, 4.85
3.04, 3.73, 4.85
2.71, 3.31, 4.86
2.23, 2.32, 4.86
2.46, 0.06, 4.86
2.25, 2.45, 4.87
2.6, 3.17, 4.88
4.17, -2.47, 4.88
2.86, -1.07, 4.88
3.05, -1.34, 4.88
2.47, -0.03, 4.89
2.73, 3.37, 4.9
2.3, 2.7, 4.9
3.09, 3.86, 4.9
3.69, -2.07, 4.91
2.49, 3.05, 4.91
2.38, 2.86, 4.91
2.39, 0.3, 4.92
2.88, -1.15, 4.92
2.63, -0.71, 4.93
2.27, 1.16, 4.93
2.45, 3.05, 4.96
2.54, -0.52, 4.96
2.3, 0.79, 4.96
3.36, -1.8, 4.96
2.16, 2.23, 4.96
3.85, -2.28, 4.96
2.39, 0.16, 4.96
2.52, -0.47, 4.97
2.15, 2.02, 4.97
2.19, 1.5, 4.98
2.43, -0.16, 4.98
3.08, -1.53, 4.99
2.29, 2.79, 4.99
3.01, 3.89, 4.99
2.33, 0.42, 5.0
2.55, -0.63, 5.0
3.87, -2.36, 5.0
2.14, 1.94, 5.0
2.37, 0.13, 5.01
3.52, -2.03, 5.01
2.8, 3.63, 5.01
2.31, 0.47, 5.02
2.15, 2.44, 5.02
2.25, 0.92, 5.02
2.89, -1.3, 5.02
2.94, -1.38, 5.03
4.01, -2.55, 5.04
2.4, -0.24, 5.06
3.9, -2.47, 5.06
3.5, -2.08, 5.06
2.09, 1.84, 5.07
2.09, 2.34, 5.08
2.1, 2.38, 5.08
2.76, -1.21, 5.09
2.85, -1.33, 5.09
3.59, -2.21, 5.09
3.54, -2.16, 5.09
2.19, 0.99, 5.11
2.07, 1.82, 5.11
2.73, -1.2, 5.12
2.08, 2.4, 5.12
2.92, 3.96, 5.12
3.45, -2.11, 5.12
2.44, -0.59, 5.14
3.86, -2.55, 5.14
2.69, 3.67, 5.14
3.65, -2.35, 5.15
2.33, 3.09, 5.15
2.8, 3.84, 5.15
2.61, 3.55, 5.15
2.13, 2.69, 5.15
3.31, -1.99, 5.15
4.07, -2.81, 5.17
2.2, 0.66, 5.17
2.55, -0.93, 5.17
2.3, -0.15, 5.18
3.99, -2.75, 5.18
3.63, -2.37, 5.18
2.01, 2.15, 5.18
2.18, 0.7, 5.19
2.18, 0.71, 5.19
2.87, 4.02, 5.19
3.59, -2.36, 5.2
3.03, -1.74, 5.2
3.34, -2.09, 5.2
2.79, -1.43, 5.21
3.48, -2.29, 5.23
3.24, -2.04, 5.24
2.23, 0.09, 5.24
2.89, -1.62, 5.25
2.1, 0.99, 5.26
3.41, -2.26, 5.26
3.65, -2.53, 5.27
3.94, -2.83, 5.27
3.26, -2.11, 5.27
2.38, 3.37, 5.27
2.72, 3.91, 5.27
2.22, 0.04, 5.27
2.11, 0.85, 5.28
2.62, 3.78, 5.28
1.94, 2.11, 5.28
2.69, 3.91, 5.29
2.57, -1.18, 5.29
3.19, -2.06, 5.29
2.2, 0.08, 5.29
2.33, -0.64, 5.3
1.95, 2.43, 5.3
2.1, 0.83, 5.3
3.07, -1.95, 5.31
3.42, -2.35, 5.31
2.34, -0.72, 5.32
2.58, -1.25, 5.32
2.0, 1.33, 5.32
3.38, -2.31, 5.32
3.54, -2.51, 5.33
2.45, 3.6, 5.34
2.59, 3.83, 5.34
2.73, -1.53, 5.34
3.33, -2.28, 5.34
2.02, 2.8, 5.35
2.29, -0.61, 5.35
2.23, 3.22, 5.35
1.91, 1.78, 5.36
1.99, 1.25, 5.36
2.31, 3.4, 5.36
3.39, -2.4, 5.37
3.54, -2.56, 5.37
2.02, 1.05, 5.37
3.36, -2.38, 5.38
2.52, -1.24, 5.38
2.37, 3.53, 5.38
1.9, 2.44, 5.38
2.21, -0.39, 5.38
2.21, -0.39, 5.39
2.69, -1.55, 5.39
3.69, -2.78, 5.4
3.62, -2.7, 5.4
2.64, -1.48, 5.4
3.01, -2.0, 5.4
3.23, -2.28, 5.41
2.24, -0.6, 5.41
1.88, 2.48, 5.41
2.38, -1.01, 5.41
2.23, -0.57, 5.42
2.49, -1.27, 5.42
3.29, -2.37, 5.43
2.71, -1.62, 5.43
2.14, 3.2, 5.43
2.13, -0.1, 5.44
1.83, 2.24, 5.44
1.92, 1.33, 5.44
2.56, 3.99, 5.45
2.16, -0.34, 5.45
2.35, -1.02, 5.45
2.4, -1.15, 5.46
1.94, 1.13, 5.46
2.04, 0.46, 5.46
3.43, -2.59, 5.46
3.39, -2.56, 5.47
3.24, -2.38, 5.47
2.5, 3.93, 5.47
2.86, -1.92, 5.48
3.02, -2.13, 5.48
2.46, -1.31, 5.48
2.24, 3.47, 5.48
2.92, -2.01, 5.49
1.93, 1.1, 5.49
2.46, -1.32, 5.49
1.85, 2.63, 5.5
2.59, 4.16, 5.5
2.03, 3.09, 5.5
2.65, -1.65, 5.5
2.97, -2.12, 5.51
2.38, 3.79, 5.51
2.33, 3.71, 5.51
2.38, 3.81, 5.52
1.92, 2.85, 5.52
1.91, 2.87, 5.53
3.37, -2.63, 5.53
2.6, -1.64, 5.54
2.9, -2.07, 5.54
2.57, -1.6, 5.54
1.99, 3.07, 5.54
2.92, -2.1, 5.54
3.34, -2.64, 5.55
2.91, -2.1, 5.55
2.33, 3.79, 5.55
1.8, 1.54, 5.55
3.39, -2.69, 5.55
2.76, -1.94, 5.57
1.96, 0.56, 5.57
2.16, -0.78, 5.57
3.13, -2.43, 5.58
1.91, 0.82, 5.58
3.21, -2.53, 5.58
2.94, -2.21, 5.59
3.59, -3.0, 5.59
2.17, 3.54, 5.59
2.24, 3.7, 5.59
2.27, -1.14, 5.6
2.25, -1.11, 5.6
1.94, 0.56, 5.6
3.24, -2.59, 5.6
2.23, -1.08, 5.61
2.34, 3.96, 5.62
3.68, -3.15, 5.62
2.5, -1.62, 5.62
1.7, 2.19, 5.62
1.7, 2.34, 5.63
2.08, -0.65, 5.63
3.19, -2.58, 5.63
1.99, -0.09, 5.63
1.91, 0.66, 5.63
2.07, 3.45, 5.64
2.45, -1.56, 5.64
2.2, -1.08, 5.65
3.27, -2.72, 5.65
1.99, -0.16, 5.65
2.3, -1.29, 5.65
2.34, 4.04, 5.66
1.67, 2.06, 5.66
2.06, -0.7, 5.67
1.66, 1.96, 5.67
1.67, 2.42, 5.68
2.85, -2.24, 5.68
2.72, -2.1, 5.7
3.49, -3.09, 5.71
3.18, -2.72, 5.71
1.95, -0.16, 5.71
1.69, 2.61, 5.71
2.59, -1.91, 5.71
1.73, 1.33, 5.71
2.03, 3.53, 5.72
2.6, -1.95, 5.72
3.59, -3.24, 5.72
2.01, 3.48, 5.72
1.82, 0.79, 5.73
1.94, -0.3, 5.73
2.54, -1.88, 5.73
2.32, -1.52, 5.74
2.26, 4.06, 5.74
2.59, -1.98, 5.74
2.84, -2.33, 5.74
2.21, 3.98, 5.74
1.61, 2.25, 5.74
1.77, 0.94, 5.75
2.35, -1.6, 5.75
2.89, -2.43, 5.76
1.81, 0.64, 5.76
2.04, -0.89, 5.76
2.13, -1.15, 5.76
2.24, 4.11, 5.77
3.43, -3.14, 5.77
1.58, 1.96, 5.77
1.65, 2.64, 5.77
1.8, 3.11, 5.77
2.18, 3.97, 5.77
2.11, 3.91, 5.8
2.13, 3.97, 5.8
2.15, 4.01, 5.81
1.71, 2.95, 5.81
3.32, -3.09, 5.81
1.7, 1.11, 5.81
2.09, -1.2, 5.82
2.51, -1.99, 5.82
2.15, -1.34, 5.82
2.29, -1.62, 5.82
1.6, 2.62, 5.82
1.57, 2.46, 5.82
1.55, 2.38, 5.83
2.26, -1.59, 5.83
2.73, -2.33, 5.83
1.54, 2.3, 5.83
2.51, -2.04, 5.84
1.54, 1.77, 5.84
1.55, 2.47, 5.84
2.02, -1.04, 5.84
1.85, -0.29, 5.85
1.88, -0.5, 5.85
3.31, -3.15, 5.85
1.8, 0.18, 5.86
1.84, -0.24, 5.86
1.8, 0.07, 5.87
1.51, 1.86, 5.87
2.42, -1.94, 5.87
3.42, -3.36, 5.88
2.0, 3.88, 5.88
1.85, 3.51, 5.88
1.93, 3.73, 5.89
2.87, -2.65, 5.89
1.92, 3.71, 5.89
1.67, 3.09, 5.9
1.66, 3.06, 5.9
1.86, 3.59, 5.9
3.42, -3.41, 5.9
2.7, -2.44, 5.9
2.18, -1.57, 5.9
1.79, -0.04, 5.9
3.28, -3.24, 5.91
1.9, 3.72, 5.91
2.04, 4.03, 5.91
3.22, -3.19, 5.92
1.61, 1.11, 5.92
2.23, -1.71, 5.92
1.72, 0.5, 5.92
1.94, -1.03, 5.92
3.46, -3.5, 5.92
1.96, 3.86, 5.92
1.92, 3.81, 5.93
3.23, -3.23, 5.93
2.62, -2.38, 5.93
2.12, 4.28, 5.93
1.77, 3.47, 5.94
2.55, -2.27, 5.94
3.06, -3.01, 5.94
1.64, 3.11, 5.94
1.46, 1.77, 5.94
1.45, 2.41, 5.95
2.54, -2.28, 5.95
2.49, -2.22, 5.95
1.43, 2.06, 5.95
1.45, 2.34, 5.95
1.49, 2.67, 5.96
2.14, -1.63, 5.96
1.9, -1.03, 5.96
1.45, 2.5, 5.97
2.33, -1.99, 5.97
1.62, 0.83, 5.97
2.5, -2.27, 5.97
2.46, -2.2, 5.97
1.42, 1.94, 5.97
1.44, 1.7, 5.98
2.44, -2.19, 5.98
2.06, -1.51, 5.98
3.09, -3.15, 5.99
2.04, -1.49, 5.99
1.52, 2.88, 5.99
1.48, 1.42, 5.99
2.77, -2.72, 5.99
1.41, 2.42, 6.0
3.13, -3.25, 6.0
1.92, -1.2, 6.0
1.63, 3.24, 6.0
1.43, 1.65, 6.0
1.56, 1.0, 6.01
1.92, 4.05, 6.01
2.57, -2.46, 6.01
2.05, 4.38, 6.01
1.38, 2.05, 6.01
2.77, -2.75, 6.01
3.07, -3.19, 6.01
1.45, 1.47, 6.01
1.73, -0.53, 6.03
2.21, -1.89, 6.03
3.22, -3.43, 6.03
1.84, 3.92, 6.03
1.77, -0.74, 6.03
3.39, -3.67, 6.03
1.75, 3.72, 6.04
2.0, -1.54, 6.05
2.0, 4.38, 6.05
2.05, -1.64, 6.05
2.26, -2.04, 6.05
1.57, 3.23, 6.05
2.06, -1.65, 6.05
2.21, -1.97, 6.06
1.69, -0.4, 6.06
2.48, -2.43, 6.06
2.03, -1.61, 6.06
1.79, -0.94, 6.06
3.09, -3.35, 6.07
2.08, -1.76, 6.07
1.65, 3.54, 6.08
1.75, -0.88, 6.08
1.76, -0.9, 6.08
1.42, 1.33, 6.08
1.84, 4.07, 6.08
1.71, -0.69, 6.08
2.1, -1.83, 6.09
2.21, -2.04, 6.09
1.67, 3.67, 6.1
2.5, -2.55, 6.1
1.94, -1.52, 6.1
2.11, -1.87, 6.1
2.44, -2.44, 6.1
1.88, -1.4, 6.11
3.09, -3.46, 6.12
1.5, 0.87, 6.12
2.04, -1.79, 6.12
1.59, 0.23, 6.12
1.72, 3.89, 6.12
2.87, -3.14, 6.12
2.08, -1.86, 6.12
1.45, 1.04, 6.12
1.91, -1.49, 6.12
1.39, 2.86, 6.13
1.27, 2.17, 6.13
3.21, -3.7, 6.14
1.8, -1.27, 6.14
1.68, -0.87, 6.15
1.72, -1.04, 6.15
1.45, 3.17, 6.15
1.54, 0.4, 6.15
2.53, -2.73, 6.16
2.73, -3.04, 6.16
2.22, -2.22, 6.16
1.62, -0.51, 6.16
1.66, -0.83, 6.16
1.27, 2.51, 6.17
1.39, 1.11, 6.17
2.34, -2.44, 6.17
1.31, 1.45, 6.17
1.71, -1.07, 6.17
2.96, -3.42, 6.17
2.33, -2.44, 6.18
1.25, 2.41, 6.18
2.2, -2.22, 6.18
2.55, -2.8, 6.18
2.32, -2.46, 6.19
1.54, 3.61, 6.19
1.21, 2.06, 6.2
2.71, -3.14, 6.21
1.54, 3.69, 6.21
2.12, -2.15, 6.21
1.53, -0.17, 6.22
2.06, -2.06, 6.22
2.57, -2.95, 6.22
2.15, -2.23, 6.22
1.32, 3.0, 6.22
1.71, 4.31, 6.23
1.73, 4.33, 6.23
2.07, -2.11, 6.23
1.54, -0.39, 6.23
1.33, 1.14, 6.23
1.75, 4.48, 6.24
2.06, -2.12, 6.24
1.43, 0.64, 6.24
1.69, 4.34, 6.25
1.6, 4.04, 6.25
3.11, -3.86, 6.25
2.09, -2.18, 6.25
3.0, -3.7, 6.25
1.48, 0.1, 6.26
1.16, 1.77, 6.26
2.91, -3.58, 6.26
2.66, -3.2, 6.26
1.25, 2.9, 6.27
2.62, -3.16, 6.27
2.45, -2.9, 6.27
1.49, -0.36, 6.27
2.8, -3.45, 6.27
1.46, 0.27, 6.27
1.67, 4.4, 6.28
3.01, -3.81, 6.28
1.13, 2.03, 6.28
2.08, -2.27, 6.29
1.57, -1.04, 6.29
1.27, 3.06, 6.29
2.29, -2.66, 6.29
1.17, 2.61, 6.29
1.85, -1.84, 6.3
1.52, -0.8, 6.3
1.35, 3.39, 6.3
2.97, -3.79, 6.3
1.53, 4.05, 6.3
1.18, 2.74, 6.3
1.95, -2.07, 6.31
1.2, 1.32, 6.31
1.36, 3.49, 6.31
2.67, -3.36, 6.31
1.13, 2.44, 6.31
1.59, -1.2, 6.31
1.59, -1.17, 6.31
1.13, 2.4, 6.31
1.46, -0.52, 6.32
2.51, -3.11, 6.32
1.41, 0.25, 6.32
1.34, 0.69, 6.32
1.1, 2.08, 6.32
1.24, 3.11, 6.33
2.5, -3.15, 6.33
1.59, 4.39, 6.33
1.13, 1.54, 6.33
1.41, 3.8, 6.33
2.11, -2.47, 6.34
1.34, 0.62, 6.34
1.42, -0.27, 6.34
1.09, 2.36, 6.34
2.28, -2.78, 6.34
1.98, -2.23, 6.35
1.12, 2.67, 6.35
1.07, 2.22, 6.35
2.47, -3.16, 6.36
1.1, 2.6, 6.36
1.07, 2.34, 6.36
1.08, 2.54, 6.37
1.1, 2.65, 6.37
2.49, -3.23, 6.37
1.33, 3.71, 6.37
1.51, -1.16, 6.37
1.26, 0.81, 6.38
1.06, 1.63, 6.38
1.55, 4.53, 6.38
1.41, 4.05, 6.38
1.28, 3.57, 6.38
1.09, 1.45, 6.39
1.73, -1.81, 6.39
1.04, 1.78, 6.39
2.6, -3.48, 6.39
1.32, 0.36, 6.4
1.49, 4.41, 6.4
1.38, -0.53, 6.4
1.38, -0.42, 6.4
2.66, -3.61, 6.4
1.28, 3.69, 6.41
1.27, 3.66, 6.41
2.03, -2.49, 6.41
1.74, -1.91, 6.41
2.64, -3.6, 6.41
1.31, 0.31, 6.42
2.27, -3.0, 6.42
0.99, 2.19, 6.42
2.03, -2.54, 6.42
1.87, -2.21, 6.42
1.27, 0.52, 6.43
1.37, -0.7, 6.43
2.73, -3.84, 6.43
0.99, 2.31, 6.43
1.21, 0.83, 6.43
0.99, 2.16, 6.43
1.62, -1.66, 6.43
1.05, 2.78, 6.44
1.82, -2.18, 6.44
1.89, -2.31, 6.44
2.4, -3.3, 6.44
2.24, -3.02, 6.45
2.16, -2.9, 6.45
1.06, 2.97, 6.45
1.53, -1.5, 6.45
2.52, -3.58, 6.46
2.1, -2.8, 6.46
1.06, 1.25, 6.46
1.12, 1.01, 6.46
1.31, -0.38, 6.46
1.31, -0.56, 6.47
2.05, -2.72, 6.47
1.3, -0.36, 6.47
1.08, 3.16, 6.47
1.43, -1.25, 6.47
1.27, 3.99, 6.47
1.11, 3.32, 6.47
2.01, -2.67, 6.47
1.15, 0.83, 6.47
1.05, 1.21, 6.47
1.3, -0.58, 6.48
1.41, 4.63, 6.48
0.93, 2.0, 6.48
2.73, -4.01, 6.48
2.65, -3.88, 6.48
1.03, 1.24, 6.48
2.54, -3.69, 6.48
0.91, 2.01, 6.49
1.2, 3.83, 6.49
0.99, 2.86, 6.49
1.4, -1.25, 6.49
1.14, 3.58, 6.49
2.7, -4.01, 6.49
0.93, 1.68, 6.5
2.58, -3.83, 6.5
1.37, -1.18, 6.5
1.15, 0.76, 6.5
1.08, 1.0, 6.5
2.61, -3.88, 6.5
1.5, -1.6, 6.5
1.73, -2.19, 6.51
1.87, -2.51, 6.51
1.84, -2.45, 6.51
1.84, -2.45, 6.52
1.22, 4.19, 6.52
1.6, -1.92, 6.52
1.15, 3.81, 6.52
2.7, -4.14, 6.52
2.15, -3.11, 6.52
2.41, -3.61, 6.52
0.95, 2.89, 6.53
0.98, 1.24, 6.53
1.2, 0.13, 6.53
0.94, 2.79, 6.53
2.62, -4.02, 6.53
1.02, 1.04, 6.53
0.97, 2.99, 6.53
0.98, 1.17, 6.54
1.29, 4.59, 6.54
1.12, 3.87, 6.54
1.21, 0.07, 6.54
0.95, 2.93, 6.54
1.44, -1.58, 6.54
1.19, 4.13, 6.54
0.87, 1.74, 6.54
2.23, -3.34, 6.55
1.09, 3.8, 6.55
1.27, 4.6, 6.55
2.26, -3.42, 6.55
0.93, 2.98, 6.56
2.62, -4.17, 6.56
1.31, -1.22, 6.56
1.26, 4.75, 6.57
1.26, -1.08, 6.57
1.23, 4.73, 6.58
0.81, 2.11, 6.58
1.02, 0.84, 6.58
1.2, 4.55, 6.58
1.05, 3.83, 6.58
1.03, 0.82, 6.58
0.85, 1.52, 6.58
1.91, -2.84, 6.58
1.16, 0.12, 6.58
1.17, 4.51, 6.59
2.34, -3.76, 6.59
1.52, -1.98, 6.59
1.18, -0.72, 6.59
2.25, -3.56, 6.59
2.4, -3.83, 6.59
2.47, -4.01, 6.59
1.17, 4.6, 6.6
0.96, 0.99, 6.6
1.15, 4.5, 6.6
0.86, 2.85, 6.6
1.67, -2.38, 6.6
1.14, 0.05, 6.6
1.96, -3.04, 6.61
1.15, 4.58, 6.61
1.51, -2.03, 6.61
1.1, 4.3, 6.61
1.22, -1.15, 6.61
1.14, -0.35, 6.61
0.94, 3.47, 6.61
0.78, 1.96, 6.61
1.85, -2.83, 6.61
2.19, -3.5, 6.61
1.13, -0.26, 6.61
1.13, -0.29, 6.61
0.78, 2.12, 6.61
1.01, 3.86, 6.61
1.16, 4.76, 6.62
2.28, -3.75, 6.62
2.55, -4.29, 6.62
1.53, -2.13, 6.62
0.81, 1.41, 6.62
1.16, 4.74, 6.62
1.05, 0.52, 6.62
0.77, 2.23, 6.62
1.06, 4.3, 6.63
0.94, 3.65, 6.63
0.91, 3.48, 6.63
2.07, -3.37, 6.63
1.68, -2.5, 6.63
2.49, -4.22, 6.63
1.11, -0.17, 6.63
1.01, 0.64, 6.64
0.82, 3.01, 6.64
2.19, -3.65, 6.64
0.94, 3.75, 6.64
1.73, -2.67, 6.64
0.87, 3.29, 6.64
1.29, -1.54, 6.64
0.75, 1.67, 6.64
0.76, 2.47, 6.64
0.74, 1.82, 6.64
1.63, -2.41, 6.64
1.14, -0.96, 6.65
2.37, -4.09, 6.65
0.98, 4.08, 6.65
1.47, -2.11, 6.65
1.13, -0.87, 6.65
0.96, 4.15, 6.66
0.93, 0.77, 6.66
1.77, -2.84, 6.66
0.93, 3.92, 6.66
0.98, 4.19, 6.66
2.37, -4.11, 6.66
1.55, -2.31, 6.66
1.41, -1.97, 6.66
1.92, -3.17, 6.66
1.14, -1.08, 6.66
2.39, -4.16, 6.66
0.74, 2.57, 6.67
2.3, -4.03, 6.67
1.01, 0.36, 6.67
2.32, -4.09, 6.67
1.11, -1.02, 6.67
1.84, -3.04, 6.67
0.96, 4.16, 6.67
1.28, -1.67, 6.68
1.18, -1.37, 6.68
2.02, -3.48, 6.68
0.77, 1.25, 6.68
0.7, 1.59, 6.69
0.85, 3.74, 6.69
1.7, -2.82, 6.69
1.41, -2.08, 6.69
0.78, 3.24, 6.69
2.1, -3.74, 6.69
1.02, -0.03, 6.7
1.75, -2.97, 6.7
0.78, 3.38, 6.7
0.8, 1.03, 6.7
0.76, 3.15, 6.7
2.28, -4.13, 6.7
0.78, 3.44, 6.7
0.96, 0.5, 6.7
2.27, -4.12, 6.7
0.82, 3.67, 6.7
1.7, -2.87, 6.7
0.78, 3.46, 6.71
0.83, 3.9, 6.71
0.67, 2.51, 6.71
0.86, 4.07, 6.71
0.9, 4.37, 6.71
0.94, 4.6, 6.71
1.13, -1.35, 6.71
1.15, -1.48, 6.72
0.9, 4.53, 6.72
0.95, 4.74, 6.72
1.35, -2.06, 6.72
1.92, -3.44, 6.72
0.88, 0.69, 6.72
0.92, 4.69, 6.72
0.83, 3.94, 6.72
2.02, -3.68, 6.72
0.62, 1.94, 6.73
1.93, -3.54, 6.73
0.88, 0.61, 6.73
0.99, -0.64, 6.73
0.98, -0.47, 6.73
0.87, 4.44, 6.73
1.82, -3.3, 6.73
1.98, -3.65, 6.73
0.8, 3.88, 6.73
1.5, -2.55, 6.74
1.27, -1.96, 6.74
1.89, -3.51, 6.74
0.69, 3.26, 6.74
1.23, -1.8, 6.74
0.73, 3.53, 6.74
2.29, -4.39, 6.74
0.95, -0.15, 6.75
1.79, -3.3, 6.75
1.77, -3.28, 6.75
0.96, -0.66, 6.75
0.97, -0.72, 6.75
0.8, 4.23, 6.75
2.26, -4.42, 6.75
0.6, 2.35, 6.75
2.26, -4.4, 6.75
0.86, 4.67, 6.75
1.58, -2.81, 6.75
0.59, 2.48, 6.76
0.65, 3.2, 6.76
2.06, -4.03, 6.76
0.72, 3.79, 6.76
1.1, -1.49, 6.76
1.34, -2.23, 6.76
0.63, 1.33, 6.76
0.86, 0.5, 6.76
0.57, 2.41, 6.77
1.11, -1.63, 6.77
1.42, -2.53, 6.77
0.78, 4.29, 6.77
0.67, 3.53, 6.77
0.57, 2.1, 6.77
1.5, -2.71, 6.77
0.77, 4.48, 6.78
0.79, 4.71, 6.78
0.89, 0.2, 6.78
0.87, 0.3, 6.78
0.74, 4.3, 6.78
0.67, 3.81, 6.78
2.04, -4.06, 6.78
0.58, 1.48, 6.78
1.12, -1.72, 6.78
0.75, 4.62, 6.79
0.56, 1.55, 6.79
0.78, 4.83, 6.79
0.6, 3.26, 6.79
1.49, -2.78, 6.79
1.28, -2.21, 6.79
1.72, -3.4, 6.79
0.82, 0.52, 6.79
1.2, -1.99, 6.79
0.87, 0.21, 6.79
0.69, 0.9, 6.79
0.64, 3.56, 6.79
1.83, -3.67, 6.8
0.94, -1.1, 6.8
1.91, -3.89, 6.8
1.7, -3.4, 6.8
0.76, 4.8, 6.8
1.08, -1.67, 6.8
0.62, 3.59, 6.8
0.59, 3.31, 6.8
0.86, -0.18, 6.8
0.69, 4.3, 6.8
0.52, 2.22, 6.8
0.56, 3.05, 6.81
0.88, -0.74, 6.81
0.87, -0.62, 6.81
0.71, 4.61, 6.81
0.52, 1.85, 6.81
0.57, 1.29, 6.81
0.86, -0.18, 6.81
1.6, -3.18, 6.81
0.63, 3.9, 6.81
0.62, 1.01, 6.81
2.03, -4.25, 6.81
2.0, -4.27, 6.82
1.74, -3.64, 6.82
1.75, -3.66, 6.82
1.47, -2.91, 6.82
1.26, -2.32, 6.82
0.6, 3.68, 6.82
1.76, -3.65, 6.82
0.97, -1.38, 6.82
0.82, 0.17, 6.82
1.09, -1.78, 6.82
0.7, 0.7, 6.82
0.83, -0.13, 6.83
1.44, -2.92, 6.83
0.49, 2.64, 6.83
1.29, -2.47, 6.83
1.19, -2.17, 6.83
1.38, -2.77, 6.83
0.55, 3.6, 6.83
0.83, -0.25, 6.83
0.53, 1.3, 6.83
1.01, -1.62, 6.83
1.37, -2.7, 6.83
0.46, 2.38, 6.84
1.56, -3.32, 6.84
0.54, 1.14, 6.84
0.74, 0.5, 6.84
1.96, -4.3, 6.84
0.64, 4.84, 6.84
1.4, -2.84, 6.84
0.54, 4.03, 6.85
1.93, -4.31, 6.85
0.44, 1.97, 6.85
0.61, 4.81, 6.85
0.61, 4.91, 6.85
1.52, -3.22, 6.85
1.43, -2.97, 6.85
0.54, 4.07, 6.85
0.53, 3.88, 6.85
0.56, 4.17, 6.85
0.76, 0.27, 6.85
1.34, -2.78, 6.85
0.43, 1.82, 6.86
1.93, -4.39, 6.86
0.78, -0.45, 6.86
0.42, 2.14, 6.86
0.51, 3.76, 6.86
0.45, 3.1, 6.86
0.5, 1.16, 6.86
1.01, -1.8, 6.86
1.15, -2.25, 6.86
0.43, 2.12, 6.86
1.19, -2.33, 6.86
0.44, 1.37, 6.87
1.08, -2.11, 6.87
0.75, -0.43, 6.87
0.75, -0.14, 6.87
0.56, 0.83, 6.87
1.5, -3.36, 6.87
0.45, 1.38, 6.87
1.87, -4.36, 6.87
0.43, 3.05, 6.87
0.58, 0.77, 6.87
1.82, -4.29, 6.88
0.44, 3.64, 6.88
1.83, -4.37, 6.88
0.42, 3.16, 6.88
0.46, 3.99, 6.88
0.39, 1.86, 6.88
0.48, 1.13, 6.88
1.53, -3.48, 6.88
0.52, 0.91, 6.88
0.58, 0.71, 6.88
0.49, 4.11, 6.88
0.43, 3.26, 6.88
0.73, -0.76, 6.89
0.42, 1.34, 6.89
0.45, 4.24, 6.89
0.47, 4.53, 6.89
0.91, -1.63, 6.89
0.71, -0.39, 6.89
0.46, 4.1, 6.89
1.64, -3.86, 6.89
0.74, -0.79, 6.89
0.56, 0.71, 6.89
1.77, -4.28, 6.89
0.35, 2.92, 6.9
0.34, 2.45, 6.9
1.71, -4.22, 6.9
1.26, -2.9, 6.9
1.46, -3.44, 6.9
0.71, -0.83, 6.9
0.41, 3.78, 6.9
0.82, -1.4, 6.9
0.97, -1.95, 6.9
0.54, 0.72, 6.9
1.32, -3.04, 6.9
1.41, -3.35, 6.91
0.36, 3.56, 6.91
0.43, 4.96, 6.91
0.41, 1.16, 6.91
1.4, -3.35, 6.91
0.39, 4.2, 6.91
1.16, -2.62, 6.91
0.34, 3.14, 6.91
0.83, -1.47, 6.91
0.37, 3.62, 6.91
0.37, 4.26, 6.92
0.35, 3.74, 6.92
1.0, -2.21, 6.92
0.35, 4.09, 6.92
0.68, -0.87, 6.92
0.3, 2.59, 6.92
0.66, -0.28, 6.92
1.25, -2.99, 6.92
0.34, 3.48, 6.92
1.71, -4.4, 6.92
0.33, 3.18, 6.92
1.8, -4.64, 6.92
0.64, 0.26, 6.92
0.7, -0.92, 6.92
0.32, 3.11, 6.92
0.29, 1.96, 6.93
0.67, -0.91, 6.93
0.3, 2.64, 6.93
0.36, 1.25, 6.93
1.66, -4.4, 6.93
0.65, -0.79, 6.93
0.29, 2.78, 6.93
1.72, -4.57, 6.93
0.3, 2.64, 6.93
0.29, 3.19, 6.93
1.72, -4.49, 6.93
1.54, -4.01, 6.93
0.43, 0.87, 6.93
0.35, 4.89, 6.93
0.33, 1.49, 6.93
0.88, -1.82, 6.93
1.67, -4.37, 6.93
0.75, -1.4, 6.94
0.28, 1.99, 6.94
0.98, -2.35, 6.94
0.29, 4.12, 6.94
0.39, 0.94, 6.94
0.27, 2.76, 6.94
0.3, 4.51, 6.94
0.29, 3.46, 6.94
0.87, -1.88, 6.94
0.29, 3.88, 6.94
0.61, -0.61, 6.94
0.3, 4.64, 6.94
0.3, 4.24, 6.94
1.17, -3.01, 6.95
0.25, 2.54, 6.95
1.32, -3.6, 6.95
0.32, 1.18, 6.95
0.31, 1.25, 6.95
1.68, -4.67, 6.95
0.6, -0.03, 6.95
1.53, -4.17, 6.95
0.59, 0.14, 6.95
0.24, 2.37, 6.95
0.28, 1.54, 6.95
1.54, -4.26, 6.95
0.24, 3.87, 6.95
1.09, -2.82, 6.95
1.05, -2.75, 6.96
1.4, -3.96, 6.96
0.55, 0.21, 6.96
0.22, 4.0, 6.96
0.23, 4.46, 6.96
0.56, -0.14, 6.96
0.24, 4.97, 6.96
0.6, -0.91, 6.96
0.21, 2.75, 6.96
0.33, 0.97, 6.96
1.23, -3.3, 6.96
0.29, 1.29, 6.96
0.79, -1.75, 6.96
1.54, -4.33, 6.96
1.38, -3.94, 6.97
0.18, 2.89, 6.97
1.31, -3.73, 6.97
0.18, 3.13, 6.97
0.2, 3.87, 6.97
0.18, 3.06, 6.97
1.57, -4.63, 6.97
0.53, -0.55, 6.97
0.2, 2.0, 6.97
1.2, -3.32, 6.97
1.29, -3.68, 6.97
0.24, 1.67, 6.97
0.21, 2.07, 6.97
1.1, -2.98, 6.97
1.27, -3.66, 6.97
1.27, -3.74, 6.98
0.16, 2.75, 6.98
1.42, -4.21, 6.98
0.19, 1.69, 6.98
1.51, -4.55, 6.98
0.14, 4.06, 6.98
1.23, -3.66, 6.98
0.17, 4.52, 6.98
1.4, -4.16, 6.98
0.85, -2.22, 6.98
1.21, -3.53, 6.98
0.19, 1.88, 6.98
0.16, 2.64, 6.98
0.77, -1.92, 6.98
1.48, -4.39, 6.98
0.51, -0.76, 6.99
0.1, 4.64, 6.99
0.29, 0.81, 6.99
0.13, 3.01, 6.99
0.13, 4.14, 6.99
0.09, 4.62, 6.99
1.41, -4.41, 6.99
0.35, 0.64, 6.99
0.66, -1.59, 6.99
0.5, -0.14, 6.99
1.15, -3.42, 6.99
0.11, 4.98, 6.99
1.1, -3.28, 6.99
0.45, 0.28, 6.99
0.14, 2.47, 6.99
1.38, -4.24, 6.99
0.15, 2.48, 6.99
0.14, 3.17, 6.99
1.44, -4.71, 7.0
1.22, -3.96, 7.0
0.11, 2.19, 7.0
0.49, -0.71, 7.0
0.19, 1.18, 7.0
0.11, 2.27, 7.0
0.73, -1.93, 7.0
0.09, 3.03, 7.0
0.98, -3.03, 7.0
1.23, -3.89, 7.0
0.17, 1.48, 7.0
0.06, 3.82, 7.0
0.18, 1.43, 7.0
0.08, 4.4, 7.0
0.05, 4.94, 7.0
0.23, 0.98, 7.0
0.5, -0.89, 7.0
1.14, -3.59, 7.0
0.19, 1.28, 7.0
0.46, 0.02, 7.0
0.05, 4.5, 7.0
1.23, -3.92, 7.0
0.55, -1.35, 7.01
0.42, 0.2, 7.01
0.16, 1.25, 7.01
0.66, -1.8, 7.01
1.12, -3.58, 7.01
0.05, 3.98, 7.01
1.02, -3.35, 7.01
0.68, -1.88, 7.01
0.89, -2.84, 7.01
0.16, 1.25, 7.01
0.25, 0.68, 7.01
0.0, 4.17, 7.01
1.02, -3.25, 7.01
0.29, 0.55, 7.01
1.41, -4.76, 7.01
0.83, -2.57, 7.01
0.43, -0.18, 7.01
1.3, -4.42, 7.01
1.42, -4.76, 7.01
0.07, 2.57, 7.01
0.05, 3.72, 7.01
1.16, -3.87, 7.01
0.38, 0.25, 7.01
0.02, 4.05, 7.01
1.26, -4.54, 7.02
1.0, -3.53, 7.02
0.11, 1.52, 7.02
0.45, -0.89, 7.02
0.39, -0.65, 7.02
0.4, -0.61, 7.02
-0.03, 3.72, 7.02
0.41, -0.63, 7.02
1.05, -3.63, 7.02
-0.03, 3.77, 7.02
-0.02, 4.81, 7.02
0.01, 3.16, 7.02
0.4, -0.34, 7.02
1.1, -3.78, 7.02
0.4, 0.02, 7.02
0.06, 2.36, 7.02
1.28, -4.59, 7.02
0.01, 3.61, 7.02
1.15, -4.06, 7.02
1.0, -3.45, 7.02
0.63, -2.11, 7.03
0.42, -1.02, 7.03
0.56, -1.79, 7.03
0.93, -3.32, 7.03
0.34, -0.16, 7.03
-0.09, 4.49, 7.03
1.24, -4.64, 7.03
0.29, 0.26, 7.03
1.06, -3.75, 7.03
0.71, -2.46, 7.03
1.19, -4.53, 7.03
-0.08, 4.32, 7.03
0.36, 0.08, 7.03
0.34, -0.33, 7.03
0.64, -2.16, 7.03
-0.12, 4.42, 7.03
-0.06, 3.75, 7.03
0.0, 2.58, 7.03
-0.03, 3.08, 7.03
0.12, 1.08, 7.03
-0.09, 4.76, 7.03
0.35, -0.03, 7.03
1.3, -4.8, 7.03
0.27, 0.32, 7.03
-0.11, 4.64, 7.03
-0.02, 2.86, 7.03
0.73, -2.55, 7.03
1.17, -4.73, 7.04
1.16, -4.76, 7.04
0.87, -3.31, 7.04
0.26, 0.28, 7.04
-0.1, 3.24, 7.04
0.06, 1.23, 7.04
-0.14, 3.59, 7.04
0.32, -0.37, 7.04
-0.15, 4.78, 7.04
0.3, -0.51, 7.04
-0.01, 2.25, 7.04
-0.17, 4.48, 7.04
0.85, -3.32, 7.04
1.15, -4.69, 7.04
1.14, -4.38, 7.04
0.97, -3.88, 7.04
-0.11, 3.67, 7.04
0.32, -0.22, 7.04
-0.17, 4.92, 7.04
0.66, -2.36, 7.04
0.19, 0.51, 7.04
1.1, -4.87, 7.05
0.06, 0.77, 7.05
-0.18, 3.89, 7.05
0.58, -2.28, 7.05
0.06, 1.08, 7.05
0.08, 0.7, 7.05
-0.1, 2.77, 7.05
-0.18, 3.98, 7.05
-0.29, 4.98, 7.05
-0.27, 4.49, 7.05
0.25, -0.34, 7.05
0.58, -2.2, 7.05
0.48, -1.66, 7.05
-0.12, 2.92, 7.05
-0.31, 4.94, 7.05
0.29, -0.39, 7.05
-0.14, 2.99, 7.05
0.72, -2.88, 7.05
-0.01, 1.76, 7.05
-0.15, 3.12, 7.05
0.36, -0.98, 7.05
0.63, -2.59, 7.05
-0.23, 4.72, 7.05
0.3, -0.88, 7.05
1.05, -4.66, 7.05
-0.11, 2.34, 7.05
-0.09, 2.14, 7.05
-0.25, 4.41, 7.05
0.34, -1.11, 7.05
-0.14, 3.2, 7.05
0.95, -4.21, 7.05
1.09, -4.87, 7.05
0.17, -0.07, 7.06
-0.11, 1.83, 7.06
-0.4, 4.41, 7.06
0.87, -4.04, 7.06
0.19, 0.06, 7.06
0.65, -3.25, 7.06
-0.22, 3.06, 7.06
0.5, -2.16, 7.06
0.85, -3.82, 7.06
0.58, -2.63, 7.06
0.39, -1.59, 7.06
0.22, -0.29, 7.06
0.48, -2.13, 7.06
0.05, 0.71, 7.06
-0.42, 4.57, 7.06
0.37, -1.39, 7.06
-0.15, 2.43, 7.06
0.58, -2.57, 7.06
0.44, -1.95, 7.06
-0.24, 3.64, 7.06
0.53, -2.38, 7.06
0.64, -3.04, 7.06
0.68, -3.16, 7.06
0.62, -2.74, 7.06
0.54, -2.33, 7.06
0.63, -2.9, 7.06
0.04, 0.87, 7.06
-0.37, 4.85, 7.06
-0.35, 4.51, 7.06
-0.25, 3.03, 7.06
-0.41, 4.52, 7.06
-0.24, 2.85, 7.06
0.35, -1.49, 7.06
0.32, -1.23, 7.06
0.45, -2.09, 7.06
-0.2, 3.09, 7.06
0.99, -4.59, 7.06
-0.35, 3.94, 7.06
0.65, -2.99, 7.06
0.94, -4.75, 7.06
0.22, -0.7, 7.06
-0.23, 2.75, 7.06
0.97, -4.7, 7.06
0.49, -2.13, 7.06
-0.32, 4.73, 7.06
-2.06, 1.68, 7.07
-2.47, 0.19, 7.07
-0.24, 0.96, 7.07
-0.58, -2.96, 7.07
-0.61, 2.83, 7.07
-2.44, -2.48, 7.07
-1.56, 0.1, 7.07
-0.48, 0.08, 7.07
-0.51, -2.29, 7.07
-0.64, 3.55, 7.07
-1.07, -3.59, 7.07
-2.12, 4.49, 7.07
-1.07, 2.81, 7.07
-4.44, -1.64, 7.07
-1.91, -3.9, 7.07
-1.97, 3.59, 7.07
-0.18, -4.41, 7.07
-4.72, -1.05, 7.07
-2.37, 1.3, 7.07
-0.15, -4.08, 7.07
-4.59, -0.92, 7.07
-2.46, -1.43, 7.07
-0.35, -2.34, 7.07
-0.57, -1.33, 7.07
-0.32, 2.57, 7.07
-1.31, -4.62, 7.07
-0.99, -4.08, 7.07
-0.21, -3.03, 7.07
-2.36, -1.9, 7.07
-4.87, 1.12, 7.07
-0.01, -1.97, 7.07
-3.71, 2.53, 7.07
-3.17, -2.3, 7.07
-3.1, -0.91, 7.07
-2.03, -0.8, 7.07
-0.88, -3.54, 7.07
-1.71, 2.51, 7.07
-3.1, -3.56, 7.07
-1.72, 0.82, 7.07
-2.76, 2.91, 7.07
-1.72, 2.84, 7.07
-0.06, -4.06, 7.07
-3.56, 2.54, 7.07
-3.03, -1.81, 7.07
-1.8, -2.58, 7.07
-0.33, -2.46, 7.07
-0.96, -0.44, 7.07
-2.66, -4.04, 7.07
-2.09, -0.07, 7.07
-2.1, -3.86, 7.07
-2.94, 1.26, 7.07
-1.35, -1.73, 7.07
-0.7, -4.09, 7.07
-3.87, -2.3, 7.07
-0.03, -1.68, 7.07
-0.84, -0.37, 7.07
-1.04, 3.69, 7.07
-2.82, 3.15, 7.07
-3.3, 2.66, 7.07
-3.25, -2.16, 7.07
-1.98, 3.28, 7.07
-4.1, 1.09, 7.07
-2.72, 3.83, 7.07
0.19, -4.5, 7.07
-0.98, -2.24, 7.07
0.08, -0.59, 7.07
-4.59, -0.91, 7.07
-1.16, 0.25, 7.07
-2.32, -2.73, 7.07
-0.15, -4.23, 7.07
-2.06, 1.07, 7.07
-2.04, -1.02, 7.07
-4.51, 0.34, 7.07
-3.76, 2.2, 7.07
-2.05, 0.08, 7.07
0.44, -2.63, 7.07
-2.13, 4.05, 7.07
-2.83, -0.45, 7.07
-2.35, 1.76, 7.07
-1.39, -4.52, 7.07
0.77, -3.93, 7.07
0.14, -2.04, 7.07
-2.96, 2.67, 7.07
-2.45, -0.76, 7.07
-1.94, 3.5, 7.07
-3.86, 2.8, 7.07
-2.16, 0.97, 7.07
-4.88, 0.29, 7.07
0.31, -1.88, 7.07
-0.39, -1.09, 7.07
-4.29, 2.52, 7.07
-1.68, 4.38, 7.07
-2.15, -3.9, 7.07
-2.5, -1.07, 7.07
-1.73, 0.09, 7.07
-0.7, 3.48, 7.07
-3.03, -0.87, 7.07
-2.0, -3.54, 7.07
-3.39, -1.02, 7.07
-1.94, 3.99, 7.07
-3.67, 2.71, 7.07
-4.33, -0.24, 7.07
-3.29, -3.06, 7.07
-2.47, 4.27, 7.07
0.58, -4.11, 7.07
-1.0, 4.28, 7.07
-2.08, 2.6, 7.07
-0.75, 4.11, 7.07
-4.4, 1.62, 7.07
-1.01, -4.49, 7.07
-1.55, -4.71, 7.07
-1.59, -2.75, 7.07
-2.57, 0.99, 7.07
-3.13, 0.03, 7.07
-4.33, 1.98, 7.07
-1.96, -4.12, 7.07
-3.25, 1.68, 7.07
-0.7, -4.23, 7.07
-2.17, 3.7, 7.07
-1.59, 0.73, 7.07
-2.59, 1.54, 7.07
-2.22, -3.6, 7.07
-0.56, 2.5, 7.07
-3.25, 0.28, 7.07
-4.06, -1.91, 7.07
-4.9, 0.31, 7.07
-3.31, 2.35, 7.07
-0.28, -1.28, 7.07
-3.71, 0.15, 7.07
-1.69, 2.8, 7.07
-2.27, -2.67, 7.07
-1.14, -0.27, 7.07
-2.07, -3.02, 7.07
-2.93, 0.37, 7.07
-3.89, 2.69, 7.07
-3.13, 3.74, 7.07
-0.7, -3.21, 7.07
-3.46, -1.0, 7.07
-1.25, 0.84, 7.07
-2.73, 0.76, 7.07
-2.24, 3.21, 7.07
-2.09, 0.88, 7.07
-1.19, 4.45, 7.07
-2.05, -3.74, 7.07
-0.62, -2.28, 7.07
-3.63, -2.42, 7.07
-2.65, 0.95, 7.07
-1.67, -2.56, 7.07
-0.15, 0.46, 7.07
-0.61, -3.17, 7.07
-3.28, -2.92, 7.07
-3.62, -1.8, 7.07
-2.43, -2.35, 7.07
-1.15, -2.88, 7.07
-3.82, -1.5, 7.07
-0.72, 2.48, 7.07
-2.85, -1.15, 7.07
-2.48, -4.07, 7.07
-1.75, 0.6, 7.07
-2.08, -2.71, 7.07
-0.91, 3.27, 7.07
-2.37, 3.27, 7.07
0.53, -4.33, 7.07
-0.96, 2.52, 7.07
-1.19, 1.11, 7.07
-3.19, -2.08, 7.07
-0.97, 2.07, 7.07
-3.71, 1.56, 7.07
-2.54, -0.04, 7.07
-4.8, -1.07, 7.07
-3.06, -0.6, 7.07
-1.86, -3.65, 7.07
-2.61, 3.88, 7.07
-0.12, 0.3, 7.07
0.7, -4.53, 7.07
-0.72, -3.03, 7.07
-2.67, 2.43, 7.07
-2.52, -3.29, 7.07
-1.57, 1.34, 7.07
-0.74, 0.87, 7.07
-1.11, 1.66, 7.07
-2.18, -2.29, 7.07
-0.94, 1.31, 7.07
-2.56, 0.99, 7.07
-2.48, 2.53, 7.07
-0.13, -0.74, 7.07
-0.68, 1.21, 7.07
-3.43, -1.8, 7.07
-1.68, -3.55, 7.07
-1.09, -2.37, 7.07
-1.12, 1.46, 7.07
-4.6, -1.63, 7.07
-4.53, 1.16, 7.07
-0.81, 1.18, 7.07
-2.72, 3.53, 7.07
-0.93, 2.1, 7.07
-4.61, -0.05, 7.07
-2.56, -0.48, 7.07
0.09, -1.16, 7.07
-1.97, 1.24, 7.07
-3.06, -3.66, 7.07
-3.41, -0.32, 7.07
-1.62, 1.47, 7.07
0.27, -4.66, 7.07
-2.62, -0.64, 7.07
-0.25, -3.42, 7.07
-1.99, -1.88, 7.07
-2.4, -0.35, 7.07
0.03, -3.51, 7.07
-3.08, -1.37, 7.07
-3.9, -0.74, 7.07
0.05, -3.77, 7.07
-0.4, -4.67, 7.07
-3.71, 1.23, 7.07
-3.03, 3.66, 7.07
-2.33, 2.29, 7.07
-1.06, -0.35, 7.07
-4.54, -1.98, 7.07
-3.86, -0.51, 7.07
-0.32, -1.26, 7.07
-2.23, 3.35, 7.07
-3.15, 3.27, 7.07
-4.61, 0.58, 7.07
-4.36, 1.64, 7.07
-3.4, 1.99, 7.07
-2.09, -1.49, 7.07
-4.65, -0.77, 7.07
-2.58, -0.4, 7.07
-2.83, -1.06, 7.07
-1.37, -1.23, 7.07
-2.71, 1.24, 7.07
-2.53, -0.87, 7.07
-0.29, -4.28, 7.07
-4.05, -1.66, 7.07
-2.23, -3.08, 7.07
-1.02, 4.27, 7.07
-1.32, 0.23, 7.07
-3.13, 1.31, 7.07
-1.15, 2.63, 7.07
-0.5, 3.36, 7.07
-0.21, -4.24, 7.07
-3.45, -0.75, 7.07
-3.0, -0.28, 7.07
-1.83, 2.55, 7.07
-0.46, -1.82, 7.07
-3.58, -2.75, 7.07
-0.66, 1.08, 7.07
-0.57, 3.59, 7.07
-0.73, 0.67, 7.07
-2.39, -1.94, 7.07
-3.9, 1.88, 7.07
-3.01, 1.5, 7.07
-1.06, 0.53, 7.07
-1.43, -0.44, 7.07
-0.93, -2.89, 7.07
-0.87, -3.34, 7.07
-1.99, 3.99, 7.07
-4.37, 0.59, 7.07
-2.32, 3.78, 7.07
0.14, -0.19, 7.07
-1.09, 0.57, 7.07
-4.36, 0.14, 7.07
-2.01, 4.04, 7.07
-0.97, 0.63, 7.07
-2.27, 1.2, 7.07
-1.67, -3.94, 7.07
-0.33, -2.33, 7.07
-0.04, -0.42, 7.07
-0.91, -1.16, 7.07
-2.31, -1.23, 7.07
-0.35, 3.13, 7.07
-0.78, 3.57, 7.07
-1.25, -0.02, 7.07
-4.01, -2.63, 7.07
-2.13, -2.64, 7.07
-1.04, -1.28, 7.07
-0.45, -3.51, 7.07
-4.28, 2.2, 7.07
-3.12, -2.78, 7.07
-3.18, 2.88, 7.07
-0.68, -4.3, 7.07
-3.77, -2.21, 7.07
-4.25, -2.61, 7.07
-2.47, 2.05, 7.07
-0.77, -2.43, 7.07
-3.85, -1.44, 7.07
-2.09, -2.15, 7.07
-2.48, 2.77, 7.07
-1.47, 2.67, 7.07
-1.0, -1.3, 7.07
-4.83, -0.93, 7.07
-4.35, -1.19, 7.07
-0.5, 0.11, 7.07
-4.03, 2.34, 7.07
-0.59, 0.04, 7.07
-3.05, 0.47, 7.07
-1.64, -3.8, 7.07
-0.65, -4.01, 7.07
-0.8, 1.96, 7.07
-3.9, -0.29, 7.07
-3.56, -0.35, 7.07
-1.81, 3.1, 7.07
-1.46, 1.91, 7.07
-0.39, -3.65, 7.07
-1.6, 3.39, 7.07
-0.34, -1.73, 7.07
-2.1, -4.4, 7.07
-2.43, -4.12, 7.07
-1.26, 3.33, 7.07
-3.57, 2.96, 7.07
-2.03, 2.58, 7.07
-3.44, 1.54, 7.07
-1.93, 3.95, 7.07
-1.19, 4.76, 7.07
-3.09, -0.79, 7.07
-3.18, 1.07, 7.07
-3.84, 0.59, 7.07
-2.55, -0.44, 7.07
-4.02, 2.65, 7.07
-1.73, 0.92, 7.07
-4.78, -0.88, 7.07
-2.67, -1.61, 7.07
-3.36, -3.54, 7.07
-2.09, 4.48, 7.07
-2.34, 2.19, 7.07
-0.66, -4.15, 7.07
-0.09, -2.02, 7.07
-1.08, -2.27, 7.07
-1.37, 2.12, 7.07
-3.96, -0.35, 7.07
-0.05, 0.4, 7.07
-3.1, 1.61, 7.07
-2.43, -1.36, 7.07
-3.39, 2.26, 7.07
-4.17, -0.96, 7.07
-0.56, -1.88, 7.07
-0.07, -4.06, 7.07
-2.9, 2.77, 7.07
-1.38, 2.16, 7.07
-3.68, -3.21, 7.07
-2.25, 0.11, 7.07
-0.69, -3.59, 7.07
-1.86, 4.0, 7.07
-1.19, -1.59, 7.07
-1.37, -2.84, 7.07
-1.08, -2.62, 7.07
-0.44, -3.38, 7.07
-0.57, 3.13, 7.07
-0.86, -4.72, 7.07
-0.52, -3.52, 7.07
-1.2, 2.45, 7.07
-0.8, 3.93, 7.07
-3.83, -0.4, 7.07
0.06, -0.68, 7.07
-0.73, 0.17, 7.07
-4.04, -2.67, 7.07
-1.88, -0.78, 7.07
-2.1, -1.9, 7.07
-0.64, 4.01, 7.07
-4.81, 1.01, 7.07
-3.48, 2.34, 7.07
-1.67, 4.53, 7.07
-3.09, -2.4, 7.07
0.8, -4.77, 7.07
-3.71, -1.53, 7.07
0.15, -4.52, 7.07
-0.87, 1.69, 7.07
-0.44, -0.08, 7.07
-1.28, -1.76, 7.07
-1.97, 0.96, 7.07
0.07, -1.58, 7.07
-3.64, 2.23, 7.07
0.2, -3.5, 7.07
-1.14, 0.13, 7.07
-2.48, 2.42, 7.07
-2.18, -3.57, 7.07
-2.76, -1.5, 7.07
-0.68, -1.13, 7.07
0.56, -2.96, 7.07
-0.96, -1.3, 7.07
-2.15, 3.24, 7.07
-1.63, 4.26, 7.07
-1.12, -1.26, 7.07
-0.34, -4.23, 7.07
-3.9, -1.15, 7.07
-0.18, -1.47, 7.07
-1.85, -2.17, 7.07
-0.91, -2.79, 7.07
-1.13, -2.85, 7.07
-4.08, 1.53, 7.07
-1.4, 3.56, 7.07
-2.08, -0.06, 7.07
-2.32, 4.33, 7.07
-4.43, 1.29, 7.07
-4.23, 1.57, 7.07
-2.62, -0.71, 7.07
-2.42, 3.6, 7.07
-4.77, 1.31, 7.07
-1.76, 1.09, 7.07
-0.89, 0.19, 7.07
-0.16, -2.82, 7.07
-4.23, 1.91, 7.07
-2.44, -3.96, 7.07
-3.77, -1.39, 7.07
-3.01, 1.26, 7.07
-1.75, -4.21, 7.07
-3.28, 0.93, 7.07
-1.77, 3.93, 7.07
-4.04, -1.16, 7.07
-0.55, -0.41, 7.07
-1.25, -2.0, 7.07
-2.0, 3.31, 7.07
0.12, -3.02, 7.07
-0.39, 3.72, 7.07
-2.15, -2.76, 7.07
-4.32, 2.14, 7.07
-1.94, 3.69, 7.07
-4.45, -1.2, 7.07
-2.81, 1.79, 7.07
-0.8, -0.99, 7.07
-2.68, -0.38, 7.07
-3.08, -3.11, 7.07
-4.8, -1.11, 7.07
-1.65, -3.9, 7.07
-3.53, -0.3, 7.07
-1.34, -0.87, 7.07
-3.29, -1.7, 7.07
-1.37, 3.24, 7.07
-2.46, -2.12, 7.07
-1.16, -2.21, 7.07
-0.48, 3.14, 7.07
0.06, -3.28, 7.07
-2.17, 3.96, 7.07
-4.62, -0.11, 7.07
0.0, -3.39, 7.07
-1.51, 0.51, 7.07
-1.38, -0.78, 7.07
-0.79, -3.6, 7.07
-4.19, 0.23, 7.07
-0.17, -1.53, 7.07
-0.79, 0.03, 7.07
-0.93, -4.76, 7.07
-4.54, -1.31, 7.07
-0.37, 2.62, 7.07
-3.52, -1.62, 7.07
-1.62, 2.0, 7.07
-1.25, 3.58, 7.07
-2.64, -1.85, 7.07
-4.04, -0.92, 7.07
-0.55, 4.25, 7.07
-0.15, -4.61, 7.07
0.75, -4.74, 7.07
-2.0, -4.21, 7.07
-0.32, -4.63, 7.07
-0.05, -4.44, 7.07
-3.83, -0.19, 7.07
-2.9, 3.26, 7.07
-0.54, -3.68, 7.07
-2.52, 2.37, 7.07
-1.47, 3.38, 7.07
-2.54, 1.96, 7.07
-0.88, -4.2, 7.07
-1.22, 2.87, 7.07
-3.37, -3.11, 7.07
-2.65, 0.01, 7.07
-2.45, 4.34, 7.07
-2.61, -1.92, 7.07
-0.24, 2.67, 7.07
0.08, -3.7, 7.07
0.4, -4.48, 7.07
0.46, -4.36, 7.07
-2.77, -2.11, 7.07
-2.2, 4.04, 7.07
-2.65, -1.58, 7.07
-1.07, 2.22, 7.07
-3.87, -0.05, 7.07
-0.54, 3.76, 7.07
-2.69, -0.24, 7.07
-3.49, 2.05, 7.07
-3.26, 2.28, 7.07
-0.7, 4.3, 7.07
-1.96, 1.43, 7.07
-1.6, 0.1, 7.07
-2.03, -2.48, 7.07
-3.79, -1.92, 7.07
-4.39, 0.94, 7.07
-3.54, -0.26, 7.07
0.3, -2.09, 7.07
-1.73, -4.5, 7.07
-4.08, -2.47, 7.07
0.18, -3.72, 7.07
-3.77, -2.47, 7.07
-1.32, -2.13, 7.07
-2.69, 0.26, 7.07
-2.13, 4.31, 7.07
-1.14, 1.74, 7.07
-1.36, -4.33, 7.07
-1.74, 0.46, 7.07
-2.73, 3.51, 7.07
-1.81, -1.33, 7.07
-0.54, -1.58, 7.07
-0.19, -4.12, 7.07
-2.15, -3.84, 7.07
-0.27, -0.53, 7.07
-2.24, -3.32, 7.07
-2.41, -4.35, 7.07
-0.7, 1.15, 7.07
-2.09, -1.21, 7.07
-3.52, 1.43, 7.07
-3.47, -0.63, 7.07
-1.7, -4.52, 7.07
-1.92, 1.06, 7.07
-1.57, -0.41, 7.07
-2.16, 2.96, 7.07
-3.41, 0.28, 7.07
-0.94, 1.15, 7.07
-1.22, -2.7, 7.07
-2.88, 1.51, 7.07
-3.94, 0.36, 7.07
-4.47, 0.58, 7.07
-3.5, 1.52, 7.07
-0.65, 1.92, 7.07
-1.75, 3.38, 7.07
-3.05, 0.8, 7.07
-2.32, -0.63, 7.07
-2.5, -4.03, 7.07
-2.5, 2.36, 7.07
-3.23, -0.56, 7.07
0.13, -4.16, 7.07
-2.72, 3.22, 7.07
-0.81, -4.86, 7.07
-4.91, -0.63, 7.07
-0.85, 3.94, 7.07
0.19, -3.88, 7.07
-3.11, -2.98, 7.07
-3.94, 1.8, 7.07
-1.53, 2.11, 7.07
-4.05, 1.79, 7.07
-1.53, -1.26, 7.07
-0.5, 4.19, 7.07
-3.65, -1.93, 7.07
-4.65, 1.35, 7.07
-0.69, -0.38, 7.07
-0.14, 1.68, 7.07
-1.52, 3.39, 7.07
-0.64, 2.57, 7.07
-2.94, 2.44, 7.07
-0.21, 2.15, 7.07
-4.7, 0.1, 7.07
-3.75, 2.42, 7.07
-3.07, 0.23, 7.07
-1.03, -1.43, 7.07
-3.16, -1.09, 7.07
-4.46, -0.82, 7.07
-0.88, 0.94, 7.07
-0.74, -4.6, 7.07
-4.84, 0.05, 7.07
-3.47, -0.57, 7.07
-3.83, -1.81, 7.07
-3.38, 3.19, 7.07
-1.25, -4.68, 7.07
0.16, -1.41, 7.07
-1.66, -3.31, 7.07
-0.01, -2.84, 7.07
-3.12, -0.42, 7.07
-1.81, -4.24, 7.07
0.05, -1.68, 7.07
-3.04, 2.91, 7.07
-1.1, -3.78, 7.07
-3.75, -3.25, 7.07
-4.57, -1.9, 7.07
-2.28, -4.14, 7.07
-3.84, -2.57, 7.07
-4.43, 0.25, 7.07
-1.72, 0.78, 7.07
-2.04, 2.88, 7.07
-0.98, -0.89, 7.07
-1.13, 0.33, 7.07
-0.83, -3.22, 7.07
-2.6, 3.61, 7.07
-2.75, -2.96, 7.07
-4.77, 0.23, 7.07
-2.27, -1.14, 7.07
-0.6, 0.67, 7.07
-4.31, -1.8, 7.07
-0.72, -3.06, 7.07
0.58, -2.96, 7.07
-3.28, 0.09, 7.07
-3.37, -2.12, 7.07
0.05, -0.6, 7.07
-3.62, -1.67, 7.07
-1.25, 3.59, 7.07
-3.99, -1.11, 7.07
-3.17, 1.91, 7.07
-3.45, -1.85, 7.07
-4.82, -0.51, 7.07
-0.17, 0.0, 7.07
-2.05, 2.8, 7.07
-2.02, 3.98, 7.07
-2.61, 0.05, 7.07
0.29, -1.46, 7.07
0.2, -4.52, 7.07
-3.33, 0.08, 7.07
-2.54, -0.51, 7.07
-1.68, 4.42, 7.07
0.1, -2.33, 7.07
0.32, -3.05, 7.07
0.29, -2.82, 7.07
-2.27, 4.05, 7.07
-1.73, -3.82, 7.07
-3.55, -0.77, 7.07
0.06, -2.59, 7.07
-1.85, -2.38, 7.07
-2.03, -4.01, 7.07
-0.69, -4.92, 7.07
-4.86, -0.72, 7.07
-1.27, -1.31, 7.07
-1.09, 2.72, 7.07
-2.34, 0.42, 7.07
-4.21, -1.9, 7.07
0.65, -4.7, 7.07
-2.42, -3.17, 7.07
-4.15, 1.53, 7.07
-3.34, -3.5, 7.07
0.73, -4.94, 7.07
-1.95, -2.3, 7.07
-3.72, 2.12, 7.07
-1.83, -1.15, 7.07
-1.39, 2.72, 7.07
-2.44, 2.59, 7.07
-0.14, -4.05, 7.07
0.35, -2.5, 7.07
-4.45, -0.49, 7.07
-2.69, -1.38, 7.07
0.16, -4.61, 7.07
-0.2, 0.07, 7.07
-1.68, -4.42, 7.07
-1.66, -0.13, 7.07
-2.39, -0.15, 7.07
-1.76, 3.97, 7.07
-3.56, -2.51, 7.07
-3.52, 1.73, 7.07
-2.04, -0.86, 7.07
-2.01, -1.11, 7.07
-0.42, 2.19, 7.07
-3.08, 0.16, 7.07
-3.41, 1.77, 7.07
-4.17, -0.22, 7.07
-4.11, -1.05, 7.07
-3.52, -3.05, 7.07
-0.57, 4.93, 7.07
-0.03, -2.13, 7.07
-4.78, -1.0, 7.07
-2.42, -1.7, 7.07
0.76, -4.08, 7.07
-1.16, -3.82, 7.07
-4.45, 1.79, 7.07
-2.21, -1.17, 7.07
-3.65, 2.86, 7.07
-1.0, -2.3, 7.07
-2.52, -0.08, 7.07
-3.64, 1.47, 7.07
-3.94, 1.89, 7.07
-2.55, -4.18, 7.07
-4.17, 2.39, 7.07
0.2, -3.04, 7.07
-1.9, 1.53, 7.07
-4.51, 0.79, 7.07
-3.61, 0.48, 7.07
-1.72, 4.37, 7.07
-0.44, -4.51, 7.07
-2.0, 0.75, 7.07
-3.95, 1.86, 7.07
-1.99, 0.59, 7.07
-1.61, 3.98, 7.07
-2.07, 3.7, 7.07
-1.3, -3.85, 7.07
-2.36, -1.23, 7.07
-4.53, 1.89, 7.07
-2.91, 2.85, 7.07
-1.16, -0.59, 7.07
-3.84, 0.43, 7.07
-4.01, -0.62, 7.07
-0.94, -1.44, 7.07
-1.66, 4.64, 7.07
-2.99, 1.31, 7.07
-2.3, -3.69, 7.07
-1.07, 0.63, 7.07
-0.94, -1.29, 7.07
-3.67, -1.62, 7.07
-0.04, -0.29, 7.07
-0.87, 4.53, 7.07
-0.66, 1.54, 7.07
-1.12, 4.79, 7.07
-3.21, 3.33, 7.07
-4.67, 0.83, 7.07
-0.45, -4.77, 7.07
-1.91, -4.55, 7.07
-3.18, 0.14, 7.07
-4.04, -0.31, 7.07
-4.19, 0.91, 7.07
-2.99, -3.95, 7.07
-2.07, 2.64, 7.07
-0.71, 2.77, 7.07
0.46, -3.36, 7.07
-1.1, 2.23, 7.07
-3.76, -1.38, 7.07
0.26, -2.94, 7.07
-0.29, -4.79, 7.07
-2.43, -0.56, 7.07
-3.23, 2.99, 7.07
-4.69, 0.26, 7.07
0.01, -1.92, 7.07
-2.44, 1.56, 7.07
-4.38, -0.61, 7.07
-2.34, 0.11, 7.07
-2.15, 3.58, 7.07
-3.41, 0.19, 7.07
-1.94, -0.63, 7.07
-2.01, 1.33, 7.07
-2.41, -2.62, 7.07
-0.71, -3.94, 7.07
-2.56, 0.77, 7.07
-2.42, 4.06, 7.07
-4.76, 1.0, 7.07
-1.29, -0.67, 7.07
-3.52, 2.82, 7.07
-2.91, 0.88, 7.07
-1.62, -1.65, 7.07
-4.17, 1.65, 7.07
-0.15, 0.8, 7.07
-2.85, 0.23, 7.07
-1.2, 0.76, 7.07
-2.03, 3.31, 7.07
-2.0, 2.43, 7.07
-0.17, -0.74, 7.07
0.13, -2.94, 7.07
-0.39, 2.36, 7.07
-0.42, 2.12, 7.07
-3.21, -2.71, 7.07
-0.12, 1.39, 7.07
-0.48, -2.43, 7.07
-0.12, -3.3, 7.07
-2.28, -4.18, 7.07
-1.83, 3.45, 7.07
-0.13, -2.25, 7.07
-3.22, -3.38, 7.07
-0.23, -2.43, 7.07
-1.55, 2.01, 7.07
-0.32, 2.73, 7.07
-1.86, 1.81, 7.07
-0.94, -1.24, 7.07
-0.65, -1.46, 7.07
-2.28, 0.36, 7.07
-3.72, -0.84, 7.07
-1.97, -1.76, 7.07
-4.07, -2.7, 7.07
-1.93, -1.63, 7.07
-2.47, -0.76, 7.07
-0.2, -0.16, 7.07
-3.15, -2.03, 7.07
-1.29, 3.36, 7.07
-0.54, -1.71, 7.07
-3.66, -1.17, 7.07
0.75, -4.81, 7.07
-4.52, -0.83, 7.07
-2.59, 1.59, 7.07
-4.43, -1.64, 7.07
-4.21, -1.31, 7.07
-3.0, -3.49, 7.07
-3.71, -2.19, 7.07
-1.16, 2.05, 7.07
-1.16, 1.39, 7.07
-0.09, -1.75, 7.07
-3.02, -2.23, 7.07
-1.03, -1.31, 7.07
-3.68, 2.36, 7.07
-2.66, -1.27, 7.07
-1.43, 2.65, 7.07
-4.85, -0.49, 7.07
-1.54, 2.89, 7.07
-2.25, -1.72, 7.07
-0.68, -4.02, 7.07
-0.24, -4.87, 7.07
0.36, -2.58, 7.07
-2.87, -2.99, 7.07
-3.54, 0.35, 7.07
-0.68, 1.4, 7.07
-3.22, 2.98, 7.07
-0.87, 3.46, 7.07
-0.66, -4.4, 7.07
-2.59, -0.95, 7.07
-0.63, 0.85, 7.07
-1.91, 3.66, 7.07
-1.45, 3.85, 7.07
-1.67, -2.27, 7.07
-2.36, 2.78, 7.07
-1.47, -2.94, 7.07
-3.96, 0.72, 7.07
-4.38, 1.42, 7.07
-0.37, 3.86, 7.07
-3.04, 0.33, 7.07
-2.15, -1.39, 7.07
-0.95, -4.18, 7.07
-0.49, 1.86, 7.07
-1.53, -1.94, 7.07
-0.79, 1.09, 7.07
-1.31, 0.64, 7.07
-4.44, 0.04, 7.07
-1.76, 1.23, 7.07
-0.76, 3.63, 7.07
-0.24, -0.3, 7.07
-1.57, -4.07, 7.07
-2.54, -2.52, 7.07
-0.44, -0.39, 7.07
-1.44, 3.59, 7.07
0.65, -4.86, 7.07
-1.04, -1.51, 7.07
-0.92, -2.09, 7.07
-3.02, 2.91, 7.07
-0.38, 1.14, 7.07
-2.67, -4.21, 7.07
-0.88, -1.4, 7.07
-2.04, 2.91, 7.07
-2.39, 0.52, 7.07
-1.21, 0.21, 7.07
-3.1, 0.09, 7.07
-2.38, -2.41, 7.07
-2.14, -2.3, 7.07
0.04, -1.84, 7.07
-2.22, 3.27, 7.07
-0.06, 0.9, 7.07
-0.45, 2.34, 7.07
-3.06, -3.31, 7.07
-1.64, -0.15, 7.07
-1.54, 1.31, 7.07
-3.03, 3.6, 7.07
-0.47, -2.59, 7.07
-1.51, -3.0, 7.07
-4.45, -2.07, 7.07
0.3, -4.07, 7.07
-0.38, 4.01, 7.07
-1.05, -4.13, 7.07
-1.41, 0.6, 7.07
-1.55, -4.0, 7.07
-3.76, 3.09, 7.07
-0.46, 3.09, 7.07
0.16, -4.35, 7.07
-2.68, 3.86, 7.07
-3.61, 0.17, 7.07
-3.72, 2.25, 7.07
-0.11, 0.93, 7.07
-1.53, -4.66, 7.07
-0.65, 2.44, 7.07
-1.04, 4.25, 7.07
-3.61, -1.25, 7.07
-1.26, -4.41, 7.07
0.36, -2.58, 7.07
0.08, 0.06, 7.07
-2.61, -2.92, 7.07
-2.92, -1.51, 7.07
-2.8, -1.39, 7.07
-0.87, 1.53, 7.07
-2.6, 2.91, 7.07
-3.97, -2.54, 7.07
0.18, -2.18, 7.07
-1.62, -4.2, 7.07
-0.49, -0.03, 7.07
-1.52, 2.26, 7.07
-2.87, -2.94, 7.07
-1.06, 4.48, 7.07
-0.87, -1.99, 7.07
-1.35, 3.67, 7.07
-4.44, -1.11, 7.07
-0.87, -3.21, 7.07
-0.35, -0.36, 7.07
-2.63, -1.44, 7.07
-1.18, 4.76, 7.07
-4.02, -0.58, 7.07
-3.93, -2.74, 7.07
-0.72, 0.2, 7.07
0.75, -4.09, 7.07
-2.66, 3.79, 7.07
-1.21, -1.66, 7.07
-1.9, -0.3, 7.07
-1.69, 0.83, 7.07
0.27, -2.3, 7.07
-4.77, 1.48, 7.07
-0.36, 2.43, 7.07
-0.4, -4.85, 7.07
0.01, -2.55, 7.07
-1.62, 3.83, 7.07
-3.06, 2.01, 7.07
0.06, -3.31, 7.07
-1.96, -3.82, 7.07
-3.16, 2.06, 7.07
-1.36, -0.4, 7.07
-1.37, -2.71, 7.07
-0.2, 0.17, 7.07
-0.42, -3.6, 7.07
-3.06, 3.76, 7.07
-0.05, -3.71, 7.07
-0.34, -2.98, 7.07
-2.06, -2.34, 7.07
-3.87, 1.98, 7.07
-3.3, -3.49, 7.07
-0.69, 4.52, 7.07
-1.65, 3.37, 7.07
-0.92, -4.13, 7.07
-4.79, -1.15, 7.07
-4.73, -1.54, 7.07
-1.9, 0.55, 7.07
-2.35, -2.92, 7.07
-0.27, -2.39, 7.07
-1.31, -3.72, 7.07
-2.04, -2.95, 7.07
-1.17, -3.56, 7.07
-0.73, 1.8, 7.07
-4.13, 1.29, 7.07
-1.75, 2.57, 7.07
-2.88, -1.78, 7.07
-0.97, -4.31, 7.07
-2.22, -0.34, 7.07
-3.3, -0.88, 7.07
-1.93, 0.57, 7.07
-0.2, -0.09, 7.07
-3.61, 3.1, 7.07
-1.3, -1.52, 7.07
-2.45, 2.2, 7.07
-2.35, 2.1, 7.07
-1.92, 0.57, 7.07
-0.97, 4.4, 7.07
-3.64, 3.36, 7.07
-3.34, -0.2, 7.07
-2.58, 0.53, 7.07
-0.71, 4.58, 7.07
-4.02, 0.68, 7.07
-1.64, -0.69, 7.07
-2.98, -0.61, 7.07
-0.61, 1.96, 7.07
-1.62, -3.22, 7.07
-0.45, 4.51, 7.07
-3.6, -1.37, 7.07
-0.84, 2.6, 7.07
-4.63, -0.66, 7.07
-1.33, 2.67, 7.07
-1.37, 3.41, 7.07
-2.6, -3.07, 7.07
-2.97, 2.94, 7.07
-4.08, 1.0, 7.07
-3.84, -0.41, 7.07
-3.36, -2.61, 7.07
-1.68, 4.49, 7.07
-3.9, -1.18, 7.07
-0.88, 1.84, 7.07
-3.09, -2.37, 7.07
-2.98, -1.19, 7.07
-0.99, -2.17, 7.07
-1.59, 0.38, 7.07
-0.96, -0.08, 7.07
-0.3, -0.01, 7.07
-0.79, 2.68, 7.07
-4.12, 1.05, 7.07
-1.98, 0.91, 7.07
-0.66, -4.82, 7.07
-1.84, 2.57, 7.07
-0.74, 0.63, 7.07
-4.22, 1.39, 7.07
-2.83, -4.03, 7.07
-3.82, -1.16, 7.07
-0.36, 1.01, 7.07
-0.29, 0.48, 7.07
-4.42, 0.23, 7.07
-3.63, -0.04, 7.07
-3.92, -1.05, 7.07
-3.57, 3.07, 7.07
-3.95, 2.44, 7.07
-2.26, 1.34, 7.07
0.27, -1.26, 7.07
-0.93, -0.71, 7.07
-2.33, 3.21, 7.07
-1.63, 1.97, 7.07
-3.57, 3.24, 7.07
-3.75, 0.15, 7.07
-0.52, 4.18, 7.07
-0.63, 0.67, 7.07
-0.44, -4.65, 7.07
-2.55, -4.22, 7.07
-2.31, 2.87, 7.07
-0.3, 2.2, 7.07
-2.63, -0.79, 7.07
-0.01, 0.38, 7.07
-3.33, -1.69, 7.07
0.59, -4.51, 7.07
-2.55, 1.16, 7.07
-0.86, -4.61, 7.07
-1.16, 1.65, 7.07
-0.13, -0.02, 7.07
-1.99, 0.07, 7.07
-0.07, 0.47, 7.07
-2.39, -2.35, 7.07
-2.79, 0.03, 7.07
-1.89, 1.26, 7.07
-1.1, 1.53, 7.07
-2.05, -1.04, 7.07
-0.74, -2.17, 7.07
-2.71, -1.54, 7.07
-0.84, 4.42, 7.07
-3.47, 3.43, 7.07
0.4, -2.39, 7.07
-2.45, 0.43, 7.07
-1.14, 0.21, 7.07
-1.36, 4.31, 7.07
-0.98, 4.01, 7.07
-4.4, 2.17, 7.07
-3.23, -0.66, 7.07
-0.83, -0.97, 7.07
-0.99, -2.71, 7.07
-4.66, 1.67, 7.07
-3.51, 0.76, 7.07
-0.46, -3.36, 7.07
-2.63, -3.97, 7.07
-3.02, 2.71, 7.07
-3.08, 3.14, 7.07
-1.03, -1.8, 7.07
-1.17, -0.79, 7.07
-1.97, -2.37, 7.07
-4.03, -1.62, 7.07
-2.26, -4.33, 7.07
-1.96, -3.87, 7.07
-2.89, 3.9, 7.07
-0.33, 2.85, 7.07
-2.22, 1.31, 7.07
-2.29, -3.32, 7.07
-0.54, 0.61, 7.07
-0.97, 4.72, 7.07
0.72, -3.73, 7.07
-0.33, -3.22, 7.07
-3.07, 3.31, 7.07
-1.62, -1.39, 7.07
-1.74, 2.39, 7.07
-3.23, 3.16, 7.07
-0.16, -3.01, 7.07
-2.36, 4.35, 7.07
-1.86, 1.5, 7.07
-1.52, 2.75, 7.07
-2.53, -2.91, 7.07
-0.34, -2.07, 7.07
-0.76, -0.07, 7.07
-2.48, -1.4, 7.07
-1.13, -0.81, 7.07
-1.25, -2.24, 7.07
-2.65, -3.85, 7.07
-0.56, 0.66, 7.07
-1.83, 3.4, 7.07
-2.76, -3.23, 7.07
-0.31, -0.79, 7.07
-2.74, 2.63, 7.07
-0.43, -1.73, 7.07
-0.24, -0.26, 7.07
-3.5, -2.37, 7.07
-3.8, 0.68, 7.07
0.08, -1.16, 7.07
-1.33, -0.28, 7.07
-3.65, -2.38, 7.07
-0.97, -4.42, 7.07
-1.19, -1.93, 7.07
-1.77, 4.09, 7.07
-3.47, 2.73, 7.07
-2.74, -3.8, 7.07
-0.71, 3.11, 7.07
-0.55, 2.58, 7.07
-2.23, 2.95, 7.07
-4.46, 2.03, 7.07
-3.1, 2.18, 7.07
-0.54, -3.1, 7.07
-4.52, 0.94, 7.07
-1.94, -3.55, 7.07
-2.85, 0.22, 7.07
-2.93, 1.53, 7.07
0.52, -3.7, 7.07
-1.64, -4.39, 7.07
-0.59, 2.21, 7.07
-0.75, 1.36, 7.07
-2.33, 3.97, 7.07
0.48, -4.05, 7.07
-2.55, -1.02, 7.07
-1.95, -3.49, 7.07
-0.33, 1.58, 7.07
-0.53, -2.51, 7.07
-3.13, -1.47, 7.07
-0.69, 0.48, 7.07
-0.74, 4.86, 7.07
-4.23, 1.25, 7.07
-2.12, 1.69, 7.07
-0.01, -2.28, 7.07
-2.05, 3.4, 7.07
-2.12, -3.18, 7.07
-2.22, 2.7, 7.07
-0.93, 1.7, 7.07
-0.3, 1.94, 7.07
-0.59, 2.86, 7.07
-3.25, -3.33, 7.07
-1.67, 3.69, 7.07
-2.18, 1.73, 7.07
-2.97, -0.22, 7.07
-0.4, 2.7, 7.07
-1.96, -0.63, 7.07
-1.04, -2.17, 7.07
-2.48, -2.78, 7.07
-3.36, -1.59, 7.07
-0.84, -4.07, 7.07
-2.44, -3.63, 7.07
-2.37, -0.53, 7.07
-2.66, 3.12, 7.07
-2.3, -3.07, 7.07
-2.58, 0.44, 7.07
-0.97, 0.99, 7.07
-1.38, -2.25, 7.07
-0.39, -1.41, 7.07
-1.23, -1.32, 7.07
-0.9, 4.61, 7.07
-0.99, 4.46, 7.07
0.13, -3.7, 7.07
-4.4, 0.5, 7.07
-1.7, 3.49, 7.07
-2.62, 0.76, 7.07
-3.86, -0.03, 7.07
-4.03, -2.52, 7.07
-1.36, -4.6, 7.07
-3.24, 3.43, 7.07
-4.46, 0.66, 7.07
-1.45, 2.66, 7.07
-2.81, -0.24, 7.07
-0.04, -3.9, 7.07
0.23, -4.77, 7.07
-0.16, -4.48, 7.07
-3.27, -0.05, 7.07
-0.53, -0.6, 7.07
-1.11, -3.36, 7.07
-2.91, -0.71, 7.07
-2.56, 0.96, 7.07
-1.98, -1.48, 7.07
-0.01, -3.55, 7.07
-2.03, -0.99, 7.07
-2.24, -3.5, 7.07
-2.47, -0.39, 7.07
-1.43, 4.57, 7.07
-2.26, 0.51, 7.07
-3.08, -0.1, 7.07
-1.75, 4.36, 7.07
-2.75, 1.72, 7.07
-4.76, 1.11, 7.07
-1.72, 1.14, 7.07
-0.62, 4.75, 7.07
-2.99, -2.02, 7.07
-2.6, 1.63, 7.07
-2.24, -4.29, 7.07
-2.76, 2.93, 7.07
-4.27, 1.73, 7.07
-2.34, -0.93, 7.07
-3.05, 0.91, 7.07
-0.3, -2.47, 7.07
-2.96, 3.65, 7.07
-0.51, -0.44, 7.07
-1.05, -4.41, 7.07
-1.21, 1.03, 7.07
-2.14, 3.51, 7.07
-1.6, 2.14, 7.07
-0.97, -1.09, 7.07
-0.59, -0.66, 7.07
-1.09, -1.51, 7.07
-2.2, 1.17, 7.07
-4.31, 1.18, 7.07
-0.15, 0.75, 7.07
-2.55, -0.52, 7.07
-4.13, 0.13, 7.07
-4.45, 0.81, 7.07
-1.32, -1.77, 7.07
-2.61, -1.58, 7.07
-0.36, -0.17, 7.07
-0.44, 3.39, 7.07
-1.2, 0.3, 7.07
-0.78, -1.05, 7.07
0.21, -3.64, 7.07
-1.35, 3.77, 7.07
-0.82, -4.68, 7.07
-4.13, -1.77, 7.07
-1.88, 0.95, 7.07
-0.32, 1.36, 7.07
-0.72, -3.99, 7.07
-0.14, 1.49, 7.07
-0.96, 0.88, 7.07
-0.36, -1.27, 7.07
-3.11, -0.51, 7.07
-2.99, -1.55, 7.07
-3.83, 1.21, 7.07
-4.88, -0.55, 7.07
-3.18, 2.08, 7.07
-0.64, -0.02, 7.07
-1.64, 4.4, 7.07
-0.45, -1.24, 7.07
0.15, -2.79, 7.07
-1.15, -3.13, 7.07
-1.24, 3.06, 7.07
-2.2, 4.35, 7.07
-4.71, 1.62, 7.07
-0.57, -2.12, 7.07
-2.25, 1.0, 7.07
-3.53, 1.4, 7.07
-0.27, -4.87, 7.07
-2.27, -3.06, 7.07
-1.66, -0.65, 7.07
-1.98, -3.84, 7.07
0.06, -4.89, 7.07
-2.45, -0.76, 7.07
-2.15, -2.55, 7.07
-3.55, -1.2, 7.07
-0.36, 2.54, 7.07
-1.58, 4.7, 7.07
-0.95, 1.47, 7.07
-0.75, 0.59, 7.07
-0.56, -0.17, 7.07
-3.06, -2.44, 7.07
-1.18, 3.21, 7.07
-1.19, -1.08, 7.07
-4.34, -1.02, 7.07
-2.51, -2.56, 7.07
-0.85, 0.93, 7.07
-1.13, 4.01, 7.07
-0.54, 2.81, 7.07
0.32, -2.87, 7.07
0.42, -4.94, 7.07
-1.92, 0.25, 7.07
-1.6, 0.99, 7.07
-2.18, -1.14, 7.07
-0.6, -2.89, 7.07
-3.23, 2.16, 7.07
-3.95, -2.6, 7.07
-3.38, -0.53, 7.07
-1.54, -0.37, 7.07
-1.77, 0.91, 7.07
-1.63, -2.25, 7.07
-2.59, -3.19, 7.07
-1.78, 2.42, 7.07
-3.08, 1.55, 7.07
-0.97, -1.47, 7.07
-4.3, -1.2, 7.07
-0.33, -1.02, 7.07
-2.66, 1.14, 7.07
-2.7, -1.18, 7.07
-4.03, -1.19, 7.07
-0.94, -4.7, 7.07
-1.52, -0.39, 7.07
-3.22, -1.32, 7.07
-4.4, 0.69, 7.07
-2.51, 4.06, 7.07
-0.25, -4.58, 7.07
-1.19, -4.22, 7.07
-3.76, 0.15, 7.07
-4.65, -1.44, 7.07
-1.53, -1.59, 7.07
-3.02, 3.23, 7.07
0.0, -4.52, 7.07
-3.45, 1.6, 7.07
-0.89, -0.1, 7.07
-1.44, -0.73, 7.07
-2.1, 1.2, 7.07
-1.41, -4.25, 7.07
-4.13, -0.97, 7.07
-3.47, 1.9, 7.07
-2.48, 1.24, 7.07
-0.74, 4.1, 7.07
-0.32, -2.58, 7.07
-0.55, -3.35, 7.07
-1.11, 0.8, 7.07
-4.65, 0.93, 7.07
-2.7, -2.7, 7.07
-4.32, 1.39, 7.07
-2.96, 1.46, 7.07
-0.08, -1.15, 7.07
-2.02, 3.59, 7.07
-1.67, 1.09, 7.07
-1.09, -0.88, 7.07
-1.19, -1.72, 7.07
-3.79, -1.36, 7.07
-0.8, -0.43, 7.07
-1.12, -2.42, 7.07
-3.84, -1.88, 7.07
-3.37, 2.43, 7.07
-3.55, 2.51, 7.07
-0.47, -2.92, 7.07
-1.56, 3.16, 7.07
-2.79, -1.95, 7.07
-3.15, -3.1, 7.07
-3.05, -0.37, 7.07
-1.17, -4.59, 7.07
-3.58, -0.97, 7.07
-2.67, 0.97, 7.07
0.36, -3.48, 7.07
-3.32, -1.14, 7.07
-0.38, 0.81, 7.07
-2.89, 3.76, 7.07
-1.64, -0.1, 7.07
-1.41, 0.51, 7.07
-3.3, 3.33, 7.07
-0.64, -1.87, 7.07
-2.52, 1.86, 7.07
-2.37, -3.93, 7.07
-3.19, 3.29, 7.07
-0.64, -0.37, 7.07
-0.74, 1.86, 7.07
-1.39, 2.56, 7.07
-2.28, 3.98, 7.07
0.14, -4.9, 7.07
-2.24, 2.95, 7.07
-0.48, -1.62, 7.07
-0.04, -4.48, 7.07
-3.15, 0.96, 7.07
-1.76, -3.75, 7.07
-1.55, 1.87, 7.07
-2.98, -1.09, 7.07
-4.18, -0.08, 7.07
-1.3, -4.49, 7.07
-3.69, 0.37, 7.07
-2.89, 0.88, 7.07
0.8, -4.43, 7.07
-1.74, 4.2, 7.07
-2.57, 3.0, 7.07
-0.69, -3.22, 7.07
-1.91, -0.5, 7.07
-0.26, -4.51, 7.07
-2.59, -4.26, 7.07
-2.69, 2.06, 7.07
-3.23, -2.47, 7.07
-0.31, 3.35, 7.07
-1.09, -3.99, 7.07
-0.47, 3.56, 7.07
-4.4, 0.38, 7.07
0.34, -3.62, 7.07
-2.73, 2.41, 7.07
-0.69, -1.62, 7.07
-1.74, -0.8, 7.07
0.42, -3.12, 7.07
-3.92, 2.67, 7.07
-1.23, 3.43, 7.07
-0.74, 0.83, 7.07
0.14, -3.57, 7.07
-4.65, -1.67, 7.07
-4.34, 1.42, 7.07
-4.16, 0.98, 7.07
-0.95, 2.92, 7.07
-1.92, 2.32, 7.07
-3.37, -2.4, 7.07
-0.85, 3.56, 7.07
-1.66, 2.41, 7.07
-0.48, -4.42, 7.07
-4.47, -0.77, 7.07
0.73, -3.85, 7.07
-1.86, -4.19, 7.07
-4.13, 2.13, 7.07
-3.8, 0.82, 7.07
-0.74, -1.67, 7.07
-3.49, -1.72, 7.07
-3.96, -1.12, 7.07
-0.77, 3.04, 7.07
-0.71, -2.38, 7.07
-0.5, -4.29, 7.07
-1.95, -0.57, 7.07
-2.55, 0.26, 7.07
-1.98, -2.94, 7.07
0.15, -3.59, 7.07
-0.47, 1.84, 7.07
-1.33, -2.89, 7.07
-2.22, 0.84, 7.07
0.29, -3.3, 7.07
-0.77, 3.78, 7.07
-4.03, -2.8, 7.07
-3.89, -0.03, 7.07
-2.22, 2.7, 7.07
-4.37, 0.67, 7.07
-0.47, -2.73, 7.07
-1.74, 2.64, 7.07
-1.23, 1.5, 7.07
-3.38, -3.68, 7.07
-2.88, -3.72, 7.07
-4.58, 1.47, 7.07
-0.92, -2.99, 7.07
-4.34, -0.95, 7.07
-2.37, 0.46, 7.07
-0.2, 2.28, 7.07
-3.69, 3.2, 7.07
0.79, -4.28, 7.07
-1.36, -2.64, 7.07
-1.67, -2.34, 7.07
-0.41, 3.67, 7.07
-1.93, -4.39, 7.07
-3.15, -0.08, 7.07
0.35, -2.5, 7.07
-2.95, -3.5, 7.07
-0.52, -4.27, 7.07
0.73, -4.59, 7.07
-3.32, -1.4, 7.07
-1.0, 4.26, 7.07
-0.02, -0.98, 7.07
-4.25, -2.1, 7.07
-2.27, 0.93, 7.07
-3.55, -1.31, 7.07
-4.81, -1.23, 7.07
-1.98, 0.73, 7.07
-3.88, 0.21, 7.07
-2.43, 3.66, 7.07
-1.75, -0.2, 7.07
-2.94, 3.29, 7.07
-1.08, -4.36, 7.07
-1.87, 2.68, 7.07
-0.67, 0.87, 7.07
-3.19, 2.31, 7.07
-1.38, 0.19, 7.07
-2.54, 0.88, 7.07
0.22, -0.88, 7.07
-0.53, 1.43, 7.07
-2.56, -3.16, 7.07
-2.02, 1.12, 7.07
-4.53, 1.06, 7.07
-1.15, -1.67, 7.07
-0.38, 0.83, 7.07
-4.01, -0.19, 7.07
-3.57, -3.25, 7.07
-3.01, -0.13, 7.07
-1.78, -2.54, 7.07
-4.53, 0.84, 7.07
-0.81, 3.2, 7.07
-4.21, -0.19, 7.07
-0.58, -3.27, 7.07
-3.53, 1.24, 7.07
-0.21, 1.34, 7.07
-2.79, 4.14, 7.07
-3.83, -2.46, 7.07
-2.86, 1.82, 7.07
-2.82, -3.78, 7.07
-2.48, -1.98, 7.07
-1.11, 0.26, 7.07
-1.32, -2.51, 7.07
-3.74, 0.37, 7.07
-2.44, -3.26, 7.07
-2.24, 1.11, 7.07
-1.66, 4.31, 7.07
-1.28, -1.16, 7.07
-1.28, -0.54, 7.07
-2.39, 1.17, 7.07
-3.98, -2.05, 7.07
0.02, -1.66, 7.07
-2.61, 0.6, 7.07
-1.29, -3.61, 7.07
-3.61, 1.81, 7.07
-2.3, 0.45, 7.07
-3.89, 1.2, 7.07
-3.47, 1.75, 7.07
-1.15, -2.22, 7.07
-4.19, -0.46, 7.07
-2.32, 1.17, 7.07
-0.49, -4.82, 7.07
-4.67, -1.71, 7.07
0.11, -2.82, 7.07
-2.54, -3.3, 7.07
-0.38, 1.69, 7.07
0.71, -3.72, 7.07
0.09, -1.29, 7.07
-2.53, -1.23, 7.07
-0.74, 0.6, 7.07
-1.09, 1.73, 7.07
-0.55, 3.03, 7.07
-1.42, -2.75, 7.07
-4.78, 0.35, 7.07
-1.38, -4.47, 7.07
-1.93, -0.1, 7.07
-0.67, -3.8, 7.07
-1.54, 4.46, 7.07
-2.23, 3.8, 7.07
0.11, -0.47, 7.07
-1.32, -2.81, 7.07
-0.99, -4.09, 7.07
-4.13, -1.68, 7.07
-2.2, -1.03, 7.07
-2.89, 2.28, 7.07
-4.74, -0.12, 7.07
-2.83, -1.33, 7.07
-0.2, 1.66, 7.07
-2.12, -3.65, 7.07
-0.03, -1.8, 7.07
-3.16, 1.29, 7.07
-0.98, -3.67, 7.07
-3.7, 1.91, 7.07
-0.35, -4.04, 7.07
-1.41, 4.14, 7.07
-0.13, 0.03, 7.07
-1.17, 2.22, 7.07
-3.25, 0.4, 7.07
-1.61, 1.94, 7.07
-2.85, -0.29, 7.07
-2.38, -4.08, 7.07
0.21, -3.97, 7.07
0.53, -3.85, 7.07
-4.41, 1.39, 7.07
-1.43, 4.03, 7.07
-2.84, -2.66, 7.07
-0.61, 0.51, 7.07
-2.6, 1.04, 7.07
-1.33, -4.42, 7.07
-2.49, 0.95, 7.07
-1.12, -1.77, 7.07
-2.03, -1.85, 7.07
-4.65, -0.27, 7.07
-0.81, -4.69, 7.07
-3.41, 1.08, 7.07
-3.71, -3.27, 7.07
-3.3, -2.89, 7.07
-0.66, -0.25, 7.07
-2.44, -3.18, 7.07
-3.42, -2.71, 7.07
-3.33, 1.27, 7.07
-0.44, -4.43, 7.07
-1.81, -1.89, 7.07
-0.69, -0.54, 7.07
-0.15, -0.95, 7.07
-1.55, 2.15, 7.07
-2.49, -0.59, 7.07
-0.91, 3.32, 7.07
-2.74, 1.59, 7.07
-1.5, -3.01, 7.07
-1.11, 2.06, 7.07
-1.94, -0.28, 7.07
-2.7, -0.99, 7.07
-0.57, -4.94, 7.07
-1.28, -0.72, 7.07
-3.57, -1.57, 7.07
-2.71, 1.71, 7.07
-2.65, 3.07, 7.07
-4.46, 0.82, 7.07
-1.77, -2.53, 7.07
-0.57, 0.63, 7.07
0.44, -3.31, 7.07
-1.47, 3.1, 7.07
-1.44, 0.3, 7.07
-1.84, 2.33, 7.07
-0.68, -1.9, 7.07
-3.61, -3.29, 7.07
-1.6, -0.09, 7.07
-2.59, -0.35, 7.07
-2.46, 3.61, 7.07
-0.72, 0.8, 7.07
-0.43, 0.74, 7.07
-3.62, -2.28, 7.07
-3.5, 3.3, 7.07
-2.11, 2.1, 7.07
-3.61, 2.62, 7.07
-3.28, 1.7, 7.07
-3.02, 3.51, 7.07
-0.93, 3.92, 7.07
-1.5, -4.32, 7.07
-1.66, -2.51, 7.07
-4.39, 0.51, 7.07
-2.66, -2.84, 7.07
-2.02, 1.89, 7.07
0.29, -1.98, 7.07
-1.4, -3.1, 7.07
-0.87, -4.29, 7.07
-1.54, -0.51, 7.07
-1.08, -0.6, 7.07
-4.34, 0.96, 7.07
-4.86, -1.0, 7.07
-3.06, -2.72, 7.07
-1.64, -1.12, 7.07
-1.16, -1.11, 7.07
-2.32, 0.94, 7.07
-3.05, -1.88, 7.07
-3.59, 1.54, 7.07
-3.91, -1.68, 7.07
-1.8, 3.8, 7.07
-0.44, -2.4, 7.07
-2.89, 3.87, 7.07
-2.88, 0.55, 7.07
-3.09, -1.78, 7.07
-0.31, -1.62, 7.07
-2.09, -0.79, 7.07
-3.79, 1.22, 7.07
-2.38, -3.73, 7.07
0.39, -4.78, 7.07
-3.01, -2.7, 7.07
-2.16, -3.45, 7.07
-3.01, 1.04, 7.07
-1.71, -1.52, 7.07
-1.45, -3.18, 7.07
-3.29, 0.21, 7.07
-1.03, 4.85, 7.07
-4.17, 2.48, 7.07
-0.45, -2.15, 7.07
-3.61, -1.1, 7.07
-1.54, 2.14, 7.07
-3.65, -2.66, 7.07
-3.05, 2.44, 7.07
-1.98, 3.36, 7.07
-3.93, 2.85, 7.07
-0.56, -4.51, 7.07
-3.01, 2.17, 7.07
-3.86, 0.11, 7.07
-1.73, -3.06, 7.07
-0.81, -2.39, 7.07
-0.03, -1.55, 7.07
-3.69, -1.95, 7.07
-4.81, 1.12, 7.07
-2.32, -1.05, 7.07
-1.74, 3.82, 7.07
-3.57, -2.02, 7.07
-3.05, -3.16, 7.07
-1.99, -3.22, 7.07
-2.59, 3.75, 7.07
-0.02, -3.25, 7.07
-1.54, 0.61, 7.07
-4.45, 1.86, 7.07
-1.24, -0.74, 7.07
-1.0, 1.37, 7.07
-2.49, 0.18, 7.07
-3.98, 0.44, 7.07
-4.18, -2.53, 7.07
-4.04, 2.66, 7.07
-0.13, -4.48, 7.07
-1.83, -3.93, 7.07
0.41, -4.9, 7.07
-1.45, -0.1, 7.07
-3.14, 0.72, 7.07
-0.74, -2.42, 7.07
-1.39, 4.35, 7.07
-3.82, -1.1, 7.07
-1.74, 4.6, 7.07
-3.07, 3.47, 7.07
-2.24, -4.3, 7.07
-1.29, 2.96, 7.07
-3.79, 1.01, 7.07
-2.87, 1.18, 7.07
-0.73, -0.89, 7.07
-1.35, -2.09, 7.07
-4.79, -1.34, 7.07
-2.09, 2.83, 7.07
-1.71, 3.14, 7.07
-0.82, -1.93, 7.07
-3.46, 3.38, 7.07
-1.16, -1.71, 7.07
0.44, -2.2, 7.07
-2.55, 0.11, 7.07
-4.75, -1.52, 7.07
-3.0, 1.09, 7.07
-2.65, -1.56, 7.07
-2.58, 1.42, 7.07
-3.73, 1.57, 7.07
-2.07, -2.62, 7.07
-4.53, -0.27, 7.07
-0.36, 2.46, 7.07
-1.65, -2.03, 7.07
-1.71, 0.21, 7.07
-0.86, 4.83, 7.07
-1.84, 2.26, 7.07
-1.91, -0.51, 7.07
-1.16, 3.29, 7.07
-0.75, 4.75, 7.07
-1.76, -4.28, 7.07
-4.13, -2.77, 7.07
-4.23, -1.01, 7.07
-0.32, -0.21, 7.07
-0.95, 3.52, 7.07
-1.78, 4.08, 7.07
-1.32, -4.45, 7.07
-3.04, -1.51, 7.07
-0.6, 3.31, 7.07
-3.2, -0.11, 7.07
-4.68, 1.02, 7.07
-0.91, -3.14, 7.07
-1.53, -1.28, 7.07
-1.83, -2.51, 7.07
-0.62, 4.72, 7.07
-1.79, 2.61, 7.07
-0.8, -3.39, 7.07
-2.5, 0.85, 7.07
-2.97, 2.61, 7.07
-4.27, 1.77, 7.07
-0.85, 4.06, 7.07
-2.96, -3.78, 7.07
-1.09, 3.15, 7.07
-1.38, 2.88, 7.07
-3.28, 1.5, 7.07
-1.36, 4.23, 7.07
-1.18, 3.62, 7.07
-1.91, -0.67, 7.07
-4.79, 0.05, 7.07
-4.66, 0.82, 7.07
-2.14, 2.28, 7.07
-3.31, 1.94, 7.07
-1.68, 0.21, 7.07
-3.1, -3.64, 7.07
-2.4, -0.99, 7.07
-3.35, 0.41, 7.07
-2.31, 1.05, 7.07
-1.88, 3.49, 7.07
-2.0, -2.18, 7.07
-0.63, -0.65, 7.07
-2.89, 2.29, 7.07
-4.23, -2.31, 7.07
-2.5, -0.14, 7.07
-1.6, -1.52, 7.07
-1.08, 3.88, 7.07
-0.77, -3.67, 7.07
-2.33, -1.37, 7.07
-0.68, -1.74, 7.07
-2.46, 1.23, 7.07
-2.74, 1.72, 7.07
-1.66, 0.77, 7.07
-1.54, 3.32, 7.07
-2.65, -4.07, 7.07
-2.62, -0.92, 7.07
-2.63, 0.57, 7.07
-0.92, -1.69, 7.07
-4.72, -0.21, 7.07
-3.54, 3.11, 7.07
-1.51, 3.55, 7.07
-2.59, -3.36, 7.07
-2.56, 2.24, 7.07
-0.36, -0.87, 7.07
-2.23, -4.19, 7.07
-0.36, -4.87, 7.07
-3.15, -1.78, 7.07
-0.02, 0.11, 7.07
-2.48, 3.91, 7.07
-2.74, -0.19, 7.07
-0.19, -0.37, 7.07
-2.2, 1.3, 7.07
-2.14, -3.91, 7.07
-1.32, 1.03, 7.07
-0.84, 0.6, 7.07
-1.26, -0.69, 7.07
-4.11, -0.45, 7.07
-0.52, 4.11, 7.07
-1.25, 2.0, 7.07
0.21, -4.12, 7.07
-2.69, 3.36, 7.07
-0.86, -0.22, 7.07
-2.21, -2.67, 7.07
-3.78, -3.05, 7.07
-2.07, 2.63, 7.07
-3.4, -2.15, 7.07
-2.46, 0.11, 7.07
-2.15, 3.16, 7.07
-0.46, 1.67, 7.07
-2.68, -3.71, 7.07
-2.64, -1.28, 7.07
-3.99, 1.11, 7.07
-2.16, -0.98, 7.07
-2.77, -1.46, 7.07
-1.15, -0.92, 7.07
-0.33, -4.25, 7.07
0.09, -3.99, 7.07
-1.07, -0.83, 7.07
0.86, -4.7, 7.07
-4.55, 0.39, 7.07
0.75, -3.99, 7.07
-3.92, -1.18, 7.07
-0.25, -0.53, 7.07
-1.54, -0.52, 7.07
-0.43, -3.95, 7.07
-4.23, 0.79, 7.07
-2.94, 3.05, 7.07
-3.43, -1.23, 7.07
-2.32, 4.1, 7.07
-2.49, -2.06, 7.07
-0.35, 1.59, 7.07
-3.58, -3.36, 7.07
-2.71, -2.82, 7.07
-3.28, 0.25, 7.07
-3.23, 1.45, 7.07
-1.05, 3.3, 7.07
-1.69, -0.02, 7.07
-3.51, 0.05, 7.07
-2.46, 4.34, 7.07
-1.43, -3.83, 7.07
-3.76, -3.25, 7.07
-1.78, 0.07, 7.07
-2.48, -2.19, 7.07
-0.73, -2.57, 7.07
-1.21, -1.95, 7.07
-1.58, -2.62, 7.07
-1.05, -1.69, 7.07
-0.88, 3.76, 7.07
-0.69, -3.01, 7.07
-1.53, -0.51, 7.07
-0.5, 3.93, 7.07
0.19, -3.94, 7.07
-3.45, -3.45, 7.07
-0.63, 4.54, 7.07
-3.48, 2.03, 7.07
-0.46, -1.1, 7.07
-3.55, 1.47, 7.07
-3.82, 2.93, 7.07
-0.13, -1.78, 7.07
-2.23, 3.53, 7.07
0.14, -0.06, 7.07
-0.78, -1.47, 7.07
-0.71, 1.11, 7.07
-1.61, -3.63, 7.07
-3.69, 0.39, 7.07
-3.72, 2.88, 7.07
-1.02, 2.09, 7.07
-0.39, -0.27, 7.07
-1.69, -3.98, 7.07
-2.93, 0.23, 7.07
-1.33, -3.45, 7.07
-2.85, -0.14, 7.07
-1.46, -1.2, 7.07
-2.26, 0.98, 7.07
0.03, -3.22, 7.07
-2.3, -0.28, 7.07
-4.49, 0.07, 7.07
-4.18, 1.7, 7.07
-4.68, -0.27, 7.07
-1.45, -0.81, 7.07
-0.36, 2.6, 7.07
-1.86, 2.12, 7.07
-1.35, 0.58, 7.07
-2.45, -1.89, 7.07
-1.51, -2.08, 7.07
-2.81, -3.42, 7.07
-4.87, -0.37, 7.07
-0.09, -3.03, 7.07
-2.51, 3.42, 7.07
-1.65, -2.92, 7.07
-2.33, -2.69, 7.07
-1.42, -0.91, 7.07
-0.02, -2.58, 7.07
-1.25, -2.98, 7.07
-3.88, -0.76, 7.07
-3.51, -1.79, 7.07
-0.23, 2.32, 7.07
-1.56, 2.17, 7.07
0.49, -3.13, 7.07
-0.34, 2.79, 7.07
-0.67, -4.13, 7.07
-1.93, 0.66, 7.07
-1.39, -0.35, 7.07
-0.68, 1.21, 7.07
0.23, -3.42, 7.07
-4.33, -0.16, 7.07
-1.07, 1.56, 7.07
-0.46, -1.17, 7.07
-2.99, 3.62, 7.07
-3.11, 1.11, 7.07
-0.97, 1.49, 7.07
-3.64, 3.26, 7.07
-1.11, 4.72, 7.07
-3.21, -3.4, 7.07
-2.63, -1.86, 7.07
-0.75, -4.35, 7.07
-0.07, -1.18, 7.07
-4.31, 0.75, 7.07
-2.97, -3.62, 7.07
-4.8, 0.32, 7.07
-2.72, 1.23, 7.07
-3.41, 0.38, 7.07
-2.02, -3.6, 7.07
-1.04, 3.89, 7.07
-3.54, 2.34, 7.07
-0.74, 2.55, 7.07
-2.3, -3.62, 7.07
-3.94, -2.84, 7.07
-2.35, -1.38, 7.07
-1.16, -1.24, 7.07
-0.11, -4.74, 7.07
-4.81, -0.17, 7.07
-2.0, 1.46, 7.07
-1.88, 0.41, 7.07
-4.43, -1.74, 7.07
-0.12, -1.13, 7.07
-0.49, -1.88, 7.07
-2.83, 2.96, 7.07
-1.03, -1.54, 7.07
-0.89, -4.72, 7.07
-1.87, 4.49, 7.07
-2.19, -0.69, 7.07
-3.01, 0.74, 7.07
-0.99, -4.35, 7.07
-2.61, -1.51, 7.07
-0.17, 1.78, 7.07
-0.86, 3.95, 7.07
-1.87, -2.54, 7.07
-2.69, 3.57, 7.07
-3.99, -2.98, 7.07
-1.62, 0.38, 7.07
-2.96, 3.48, 7.07
-1.26, -1.54, 7.07
-4.06, -2.03, 7.07
-2.73, 3.27, 7.07
-0.57, -3.25, 7.07
-3.58, -1.36, 7.07
-3.29, -0.26, 7.07
-0.42, 0.89, 7.07
-3.27, -0.53, 7.07
-2.54, 0.29, 7.07
-1.12, 3.38, 7.07
-0.31, 1.99, 7.07
-1.99, 1.57, 7.07
-4.08, -1.92, 7.07
-4.23, 0.39, 7.07
-0.26, 0.75, 7.07
-0.91, -2.54, 7.07
-4.72, 0.69, 7.07
-1.7, -1.31, 7.07
-0.52, -1.82, 7.07
-3.52, -2.49, 7.07
-0.54, -2.48, 7.07
-3.5, -0.12, 7.07
-2.06, 2.29, 7.07
-1.68, 2.58, 7.07
-3.45, 3.29, 7.07
-0.6, -1.48, 7.07
-0.45, -2.64, 7.07
-2.77, 3.87, 7.07
-2.18, -1.15, 7.07
-3.02, -2.43, 7.07
-1.65, 0.0, 7.07
-3.71, -1.22, 7.07
-2.5, 2.7, 7.07
-3.11, 3.35, 7.07
-0.7, -1.53, 7.07
-0.14, -0.45, 7.07
-3.5, -2.6, 7.07
-4.39, 0.95, 7.07
-2.51, -0.49, 7.07
-2.31, -4.09, 7.07
-3.97, -2.93, 7.07
-4.24, -0.26, 7.07
-2.11, 3.73, 7.07
-1.7, -2.74, 7.07
-0.72, 4.78, 7.07
-0.49, -1.31, 7.07
-2.84, -1.59, 7.07
-2.69, 1.07, 7.07
-3.41, -3.58, 7.07
-1.32, 0.32, 7.07
-0.43, -2.41, 7.07
-0.38, 0.21, 7.07
-1.06, 2.67, 7.07
-4.89, -1.0, 7.07
-2.49, 3.04, 7.07
-1.24, 2.35, 7.07
-1.83, 1.57, 7.07
-1.71, -4.04, 7.07
-1.16, 2.2, 7.07
-0.32, 3.58, 7.07
-3.64, 1.2, 7.07
-3.99, -1.33, 7.07
-1.82, -4.4, 7.07
-1.4, 3.48, 7.07
-2.15, 2.88, 7.07
-2.3, 0.18, 7.07
-1.32, -1.35, 7.07
-1.94, 4.46, 7.07
-1.21, -2.53, 7.07
-0.43, -4.88, 7.07
-4.04, -0.63, 7.07
-2.69, -3.37, 7.07
0.63, -4.48, 7.07
-0.54, 2.55, 7.07
-2.1, 2.43, 7.07
-1.53, -3.57, 7.07
-1.69, 3.01, 7.07
-1.01, -1.68, 7.07
-2.65, -4.19, 7.07
-0.63, 0.06, 7.07
-0.95, -3.49, 7.07
-1.88, 2.43, 7.07
-3.84, -1.78, 7.07
-0.92, 2.31, 7.07
-1.74, 2.19, 7.07
-4.62, -1.88, 7.07
-0.61, -1.32, 7.07
-2.62, 3.36, 7.07
-2.7, -0.29, 7.07
-2.55, 3.77, 7.07
-1.17, 0.17, 7.07
-3.5, -0.34, 7.07
-2.15, 1.38, 7.07
-3.84, 1.92, 7.07
-2.66, 1.57, 7.07
0.69, -4.58, 7.07
-1.01, -1.15, 7.07
-1.45, -4.1, 7.07
-0.84, -4.11, 7.07
-0.2, 0.88, 7.07
-1.15, -4.79, 7.07
-2.09, -1.07, 7.07
-0.67, -0.87, 7.07
-3.55, 0.83, 7.07
-4.17, 1.13, 7.07
-1.61, 2.05, 7.07
-1.05, -4.56, 7.07
-3.18, 1.05, 7.07
-1.44, 0.1, 7.07
-3.42, 0.35, 7.07
-3.7, -0.64, 7.07
-0.25, -4.09, 7.07
-2.6, 1.15, 7.07
-2.79, 0.27, 7.07
-1.88, -4.02, 7.07
-2.16, -4.46, 7.07
-0.57, -1.28, 7.07
0.06, -3.24, 7.07
-4.16, -0.23, 7.07
-0.96, -3.9, 7.07
-1.7, 0.41, 7.07
-1.52, -3.38, 7.07
-2.35, 1.28, 7.07
-0.56, -1.0, 7.07
-2.93, -2.65, 7.07
-0.41, 1.65, 7.07
-1.0, -1.11, 7.07
-2.88, 4.06, 7.07
-1.84, 0.51, 7.07
-2.86, -1.89, 7.07
-0.52, 3.39, 7.07
-4.76, 0.01, 7.07
-1.42, -4.19, 7.07
-2.33, 1.6, 7.07
-3.03, 0.57, 7.07
-2.5, 3.46, 7.07
-1.05, 1.49, 7.07
-1.04, -0.42, 7.07
0.03, -4.61, 7.07
-0.99, -3.95, 7.07
-1.51, 3.49, 7.07
-4.02, 0.21, 7.07
-4.32, 1.2, 7.07
-3.32, -2.72, 7.07
-0.25, -3.7, 7.07
-0.28, -3.3, 7.07
-2.71, 0.43, 7.07
-2.62, 2.48, 7.07
-4.31, -1.57, 7.07
-1.63, 3.61, 7.07
-1.88, 3.5, 7.07
-0.5, -2.24, 7.07
-4.35, -0.69, 7.07
-0.51, 3.48, 7.07
-0.16, -4.89, 7.07
-4.53, -0.5, 7.07
-0.89, 4.65, 7.07
-4.84, 0.7, 7.07
-2.2, 0.46, 7.07
-0.51, -3.83, 7.07
-2.04, -3.42, 7.07
-3.31, -2.88, 7.07
-0.52, -4.01, 7.07
-1.05, -4.7, 7.07
-1.07, 2.42, 7.07
-2.03, 2.44, 7.07
-2.21, 4.05, 7.07
-4.76, -0.33, 7.07
-0.82, -3.76, 7.07
0.08, -2.46, 7.07
-0.98, 2.17, 7.07
0.61, -4.74, 7.07
-1.37, 0.49, 7.07
-3.43, 2.52, 7.07
-1.75, -4.64, 7.07
-3.88, 0.2, 7.07
-2.02, 0.75, 7.07
-1.44, -1.92, 7.07
-0.74, -3.04, 7.07
-1.77, -3.55, 7.07
-1.68, 2.85, 7.07
-2.7, 2.35, 7.07
-3.06, -1.57, 7.07
-3.65, 0.59, 7.07
0.47, -4.15, 7.07
-4.83, 1.29, 7.07
-1.72, -0.95, 7.07
-3.36, -1.88, 7.07
-1.12, 2.62, 7.07
-2.44, 2.93, 7.07
-0.62, 2.92, 7.07
-0.95, -0.14, 7.07
-0.17, 2.04, 7.07
-2.25, 1.84, 7.07
-1.18, -1.34, 7.07
-2.11, 0.42, 7.07
-0.93, -4.52, 7.07
-1.56, 1.91, 7.07
-1.46, -2.02, 7.07
-3.58, 2.8, 7.07
-2.96, -2.46, 7.07
-0.99, 2.95, 7.07
-1.43, 4.67, 7.07
-3.83, -0.6, 7.07
-3.26, 0.68, 7.07
-4.34, -0.2, 7.07
-1.54, 3.92, 7.07
-1.43, 2.91, 7.07
-3.6, 0.92, 7.07
-0.69, 0.39, 7.07
-4.01, -1.43, 7.07
-0.35, 0.56, 7.07
-0.48, -1.57, 7.07
-4.08, 0.39, 7.07
-0.58, -2.94, 7.07
-1.68, 1.97, 7.07
-0.24, -0.6, 7.07
-0.74, -2.26, 7.07
-1.31, 3.42, 7.07
-0.91, -1.04, 7.07
-0.39, -4.69, 7.07
0.13, -0.95, 7.07
-1.17, -1.6, 7.07
-3.16, 3.08, 7.07
-2.92, 0.43, 7.07
-2.38, -0.74, 7.07
-3.03, -0.46, 7.07
-2.71, -1.59, 7.07
-1.62, 4.53, 7.07
-4.37, -0.56, 7.07
-2.16, 3.42, 7.07
-4.51, 0.62, 7.07
-0.66, -0.41, 7.07
-1.22, 3.2, 7.07
0.82, -4.37, 7.07
