3.27, 1.36, 0.25
3.27, 1.34, 0.26
3.41, 1.35, 0.26
3.28, 1.48, 0.27
3.16, 1.6, 0.43
3.32, 1.59, 0.45
3.29, 1.62, 0.47
3.34, 1.59, 0.5
3.66, 1.47, 0.51
3.2, 1.73, 0.54
3.11, 1.34, 0.56
3.71, 1.52, 0.57
3.3, 1.7, 0.6
3.08, 1.79, 0.63
3.05, 1.49, 0.63
4.21, 1.55, 0.66
4.07, 1.55, 0.66
3.47, 1.65, 0.67
4.2, 1.57, 0.68
3.01, 1.81, 0.7
3.4, 1.72, 0.74
3.41, 1.72, 0.74
2.97, 1.86, 0.77
2.93, 1.7, 0.79
4.62, 1.69, 0.79
3.06, 1.94, 0.8
3.88, 1.67, 0.8
3.31, 1.83, 0.84
4.56, 1.75, 0.86
3.8, 1.73, 0.87
4.56, 1.77, 0.89
2.95, 1.98, 0.89
4.26, 1.74, 0.89
2.87, 1.82, 0.9
4.36, 1.76, 0.9
3.93, 1.75, 0.9
2.86, 1.85, 0.9
3.76, 1.77, 0.92
3.36, 1.85, 0.92
3.31, 1.88, 0.93
3.29, 1.9, 0.94
4.46, 1.8, 0.94
4.39, 1.82, 0.96
3.38, 1.88, 0.96
4.53, 1.83, 0.97
3.5, 1.85, 0.98
3.28, 1.96, 1.04
4.07, 1.86, 1.04
3.29, 1.98, 1.09
4.31, 1.96, 1.15
2.83, 2.18, 1.17
3.08, 2.14, 1.18
4.33, 2.0, 1.18
4.53, 2.04, 1.2
2.74, 2.14, 1.2
3.29, 2.05, 1.21
2.72, 2.21, 1.27
4.03, 2.05, 1.29
4.28, 2.08, 1.29
3.31, 2.1, 1.3
4.17, 2.1, 1.33
4.32, 2.15, 1.37
3.38, 2.14, 1.39
2.92, 2.3, 1.39
3.37, 2.15, 1.4
4.16, 2.16, 1.41
2.73, 2.32, 1.41
4.46, 2.21, 1.41
3.05, 2.27, 1.43
4.01, 2.18, 1.46
3.24, 2.22, 1.49
4.0, 2.21, 1.49
3.82, 2.2, 1.5
3.54, 2.21, 1.52
3.98, 2.23, 1.53
3.3, 2.24, 1.53
2.7, 2.4, 1.55
3.58, 2.23, 1.56
3.24, 2.27, 1.58
3.99, 2.34, 1.67
4.36, 2.4, 1.67
3.36, 2.32, 1.69
3.87, 2.4, 1.77
2.91, 2.47, 1.77
3.23, 2.38, 1.78
4.29, 2.5, 1.81
2.68, 2.54, 1.82
3.72, 2.44, 1.85
4.0, 2.51, 1.9
3.43, 2.45, 1.9
3.08, 2.47, 1.91
4.26, 2.58, 1.92
2.32, 2.55, 1.97
2.51, 2.6, 1.97
3.55, 2.52, 1.99
3.69, 2.54, 2.0
2.64, 2.62, 2.01
3.25, -1.34, 2.09
3.57, 2.58, 2.09
2.46, 2.66, 2.1
3.24, -1.35, 2.11
3.34, -1.38, 2.16
3.21, -1.4, 2.16
3.69, 2.65, 2.17
3.32, 2.6, 2.17
2.61, 2.72, 2.25
3.41, 2.66, 2.25
3.46, -1.39, 2.26
3.27, -1.49, 2.27
3.53, -1.37, 2.32
2.24, 2.72, 2.33
3.27, -1.55, 2.35
2.53, 2.76, 2.35
3.27, -1.56, 2.35
3.28, 2.72, 2.37
3.27, -1.59, 2.39
3.05, 2.72, 2.41
3.57, 2.8, 2.41
3.01, -1.66, 2.41
3.14, -1.65, 2.42
3.93, 2.89, 2.42
3.56, -1.43, 2.42
2.93, 2.73, 2.43
3.99, 2.92, 2.43
3.52, -1.47, 2.44
2.72, 2.77, 2.46
2.51, 2.81, 2.47
3.48, -1.52, 2.48
3.32, 2.8, 2.49
3.64, 2.88, 2.5
2.53, 2.82, 2.51
1.99, 2.74, 2.52
3.01, 2.78, 2.52
3.12, -1.74, 2.53
3.0, -1.77, 2.54
3.02, -1.79, 2.56
2.98, -1.8, 2.57
3.82, 2.99, 2.58
3.95, -1.5, 2.58
3.56, 2.91, 2.58
3.88, 3.01, 2.59
3.34, 2.88, 2.6
3.15, -1.79, 2.61
3.09, 2.84, 2.61
3.25, 2.86, 2.61
3.88, -1.54, 2.62
3.23, -1.78, 2.63
3.5, -1.62, 2.64
3.48, -1.63, 2.64
3.32, -1.74, 2.64
3.09, 2.87, 2.66
3.63, 2.99, 2.66
2.99, -1.88, 2.68
2.98, -1.88, 2.68
3.15, -1.84, 2.69
3.57, 3.0, 2.7
2.38, 2.9, 2.72
2.21, 2.89, 2.73
4.31, -1.63, 2.73
3.13, -1.88, 2.73
4.25, -1.65, 2.75
2.57, 2.89, 2.75
4.28, -1.65, 2.75
3.56, 3.06, 2.78
3.59, -1.71, 2.79
2.44, 2.92, 2.79
4.6, -1.74, 2.82
3.58, -1.74, 2.84
4.39, -1.74, 2.84
3.59, 3.14, 2.88
3.24, -1.92, 2.88
1.8, 2.84, 2.89
3.34, 3.08, 2.91
4.51, -1.81, 2.91
3.75, -1.78, 2.92
3.47, -1.83, 2.93
4.64, -1.85, 2.93
4.06, -1.79, 2.93
4.57, -1.85, 2.94
2.07, 2.95, 2.96
3.48, 3.16, 2.96
2.55, 2.97, 2.97
3.44, -1.87, 2.98
4.3, -1.85, 2.98
3.08, -2.04, 2.98
3.7, 3.27, 3.0
3.7, 3.28, 3.01
3.63, 3.25, 3.01
3.07, 3.07, 3.02
2.57, 2.99, 3.02
2.8, -2.13, 3.02
4.07, -1.88, 3.04
3.26, 3.15, 3.05
4.51, -1.97, 3.09
2.02, 2.99, 3.09
3.36, 3.23, 3.12
4.32, -1.98, 3.13
3.42, 3.27, 3.14
1.83, 2.96, 3.15
3.1, 3.16, 3.16
2.64, -2.25, 3.19
3.14, -2.12, 3.19
4.45, -2.06, 3.2
4.39, -2.05, 3.2
3.27, 3.25, 3.2
3.02, 3.16, 3.2
4.44, -2.07, 3.21
3.47, -2.02, 3.22
3.26, 3.27, 3.23
4.47, -2.1, 3.24
3.09, 3.21, 3.24
3.24, -2.09, 3.25
3.48, 3.38, 3.25
2.7, 3.11, 3.26
3.55, -2.05, 3.27
3.98, -2.06, 3.27
4.45, -2.12, 3.27
4.19, -2.09, 3.28
4.07, -2.08, 3.28
3.08, 3.24, 3.29
3.63, -2.09, 3.33
1.61, 2.95, 3.34
2.57, 3.13, 3.35
3.31, 3.39, 3.37
3.5, -2.13, 3.38
4.47, -2.23, 3.39
2.73, 3.19, 3.39
3.29, 3.41, 3.41
3.26, -2.17, 3.41
2.68, 3.2, 3.43
2.77, 3.22, 3.43
4.23, -2.23, 3.43
2.48, -2.4, 3.44
4.38, -2.27, 3.44
3.08, -2.27, 3.45
3.69, -2.18, 3.46
1.8, 3.07, 3.46
1.75, 3.06, 3.47
2.47, -2.42, 3.47
2.67, 3.22, 3.48
2.54, -2.42, 3.49
4.39, -2.32, 3.49
4.0, -2.25, 3.5
3.3, 3.48, 3.5
4.34, -2.32, 3.51
3.81, -2.23, 3.51
3.24, 3.47, 3.52
3.25, -2.25, 3.54
4.35, -2.35, 3.54
2.71, 3.27, 3.54
3.63, -2.24, 3.54
3.48, -2.24, 3.55
2.7, -2.43, 3.55
1.88, 3.13, 3.56
2.99, 3.39, 3.57
3.42, -2.27, 3.59
3.57, -2.28, 3.6
2.31, 3.19, 3.61
2.88, 3.38, 3.61
3.5, -2.28, 3.61
2.91, 3.4, 3.62
4.22, -2.39, 3.62
4.31, -2.43, 3.64
3.77, -2.34, 3.65
4.1, -2.39, 3.65
3.16, 3.54, 3.65
3.04, 3.48, 3.65
3.13, -2.34, 3.67
3.82, -2.36, 3.67
4.32, -2.47, 3.68
1.86, 3.17, 3.69
1.8, 3.16, 3.7
3.94, -2.4, 3.7
3.7, -2.37, 3.7
2.96, -2.43, 3.71
3.06, 3.53, 3.71
3.71, -2.37, 3.71
2.33, 3.25, 3.74
3.09, 3.57, 3.74
3.97, -2.44, 3.74
3.23, -2.37, 3.74
3.64, -2.4, 3.76
2.69, 3.41, 3.78
2.67, -2.54, 3.79
4.14, -2.52, 3.79
4.28, -2.56, 3.79
1.69, 3.16, 3.81
3.97, -2.5, 3.81
3.51, -2.43, 3.82
2.12, 3.24, 3.82
3.04, 3.62, 3.83
3.19, 3.71, 3.84
3.1, -2.44, 3.85
3.36, -2.44, 3.85
4.06, -2.57, 3.86
1.62, 3.16, 3.87
2.66, 3.45, 3.88
1.27, 3.01, 3.9
3.93, -2.57, 3.9
1.71, 3.21, 3.91
3.5, -2.49, 3.91
2.19, -2.63, 3.91
2.17, 3.29, 3.91
3.13, -2.48, 3.92
2.27, 3.33, 3.93
3.95, -2.6, 3.94
2.67, 3.51, 3.95
2.43, 3.4, 3.96
3.79, -2.58, 3.96
3.57, -2.54, 3.96
1.56, 3.18, 3.97
2.24, -2.65, 3.98
2.94, 3.69, 4.0
2.66, 3.55, 4.02
2.69, -2.63, 4.03
2.84, 3.66, 4.03
3.85, -2.66, 4.04
4.07, -2.74, 4.06
2.26, -2.68, 4.06
3.59, -2.63, 4.08
3.58, -2.64, 4.09
1.83, 3.29, 4.1
3.93, -2.75, 4.12
1.41, 3.18, 4.14
4.11, -2.83, 4.15
2.54, 3.57, 4.15
1.41, 3.18, 4.16
2.89, 3.8, 4.17
2.96, -2.63, 4.19
1.65, 3.28, 4.19
2.19, -2.74, 4.21
3.85, -2.81, 4.22
2.36, 3.54, 4.24
1.36, 3.19, 4.24
3.05, -2.66, 4.24
2.85, -2.67, 4.26
3.64, -2.8, 4.28
1.79, 3.34, 4.3
3.96, -2.92, 4.3
2.01, -2.77, 4.31
1.79, 3.35, 4.31
2.66, 3.76, 4.31
3.36, -2.76, 4.32
1.53, 3.3, 4.35
3.08, -2.73, 4.36
1.66, 3.34, 4.36
1.94, -2.79, 4.36
2.12, 3.5, 4.38
3.65, -2.88, 4.38
2.02, 3.45, 4.39
2.81, -2.73, 4.4
3.67, -2.91, 4.4
1.24, 3.19, 4.4
2.02, 3.47, 4.41
0.96, 3.03, 4.41
3.75, -2.94, 4.41
2.1, 3.5, 4.41
2.68, 3.87, 4.42
2.37, -2.81, 4.42
3.24, -2.8, 4.42
3.15, -2.78, 4.42
1.58, 3.34, 4.43
2.36, -2.82, 4.43
3.11, -2.79, 4.44
2.07, 3.51, 4.44
3.31, -2.83, 4.44
3.05, -2.78, 4.45
2.96, -2.78, 4.46
3.11, -2.8, 4.46
1.19, 3.19, 4.47
2.63, -2.8, 4.48
2.71, -2.78, 4.49
2.44, 3.76, 4.49
3.28, -2.87, 4.5
2.48, -2.83, 4.5
3.55, -2.96, 4.51
2.83, 4.07, 4.51
2.7, 3.97, 4.51
1.94, 3.48, 4.52
0.97, 3.07, 4.53
2.53, 3.91, 4.59
2.55, -2.86, 4.62
2.25, 3.76, 4.65
2.21, 3.73, 4.65
3.8, -3.18, 4.65
3.56, -3.08, 4.65
3.77, -3.19, 4.67
2.25, -2.91, 4.68
0.85, 3.06, 4.69
3.74, -3.19, 4.69
0.98, 3.15, 4.69
2.27, 3.8, 4.69
2.93, -2.91, 4.69
2.26, 3.81, 4.7
3.75, -3.21, 4.71
1.69, -2.89, 4.71
3.38, -3.06, 4.71
1.26, 3.31, 4.71
3.48, -3.11, 4.72
3.47, -3.11, 4.73
2.87, -2.93, 4.74
2.48, 4.01, 4.74
3.56, -3.16, 4.74
3.77, -3.26, 4.74
1.91, 3.6, 4.75
2.97, -2.97, 4.76
2.67, 4.19, 4.76
1.11, 3.26, 4.77
3.41, -3.14, 4.78
2.29, -2.94, 4.79
2.18, 3.83, 4.8
3.64, -3.26, 4.8
3.64, -3.25, 4.8
3.62, -3.25, 4.81
2.15, -2.95, 4.82
2.31, 3.95, 4.82
1.94, 3.67, 4.83
0.94, 3.18, 4.84
3.12, -3.08, 4.86
1.36, 3.41, 4.89
1.83, 3.64, 4.89
1.91, -2.96, 4.89
1.88, 3.68, 4.9
2.09, 3.86, 4.92
1.78, 3.64, 4.93
1.84, -2.97, 4.93
2.86, -3.04, 4.93
2.87, -3.06, 4.95
2.18, 3.97, 4.96
3.07, -3.14, 4.96
3.2, -3.19, 4.96
2.41, 4.21, 4.99
1.52, 3.51, 5.0
2.48, -3.01, 5.02
1.65, 3.61, 5.03
1.32, 3.44, 5.03
2.73, -3.07, 5.03
3.53, -3.42, 5.03
2.04, 3.91, 5.04
3.46, -3.42, 5.06
2.28, -3.02, 5.06
2.31, 4.19, 5.06
1.82, -3.01, 5.07
0.83, 3.2, 5.08
3.47, -3.43, 5.08
1.91, 3.85, 5.08
1.83, 3.79, 5.1
3.28, -3.37, 5.11
1.6, -2.99, 5.14
1.52, -2.99, 5.17
2.3, 4.32, 5.18
2.38, 4.4, 5.18
1.5, 3.6, 5.19
0.78, 3.21, 5.19
3.15, -3.4, 5.21
2.06, 4.11, 5.21
3.31, -3.49, 5.21
2.2, 4.27, 5.22
2.2, 4.28, 5.23
2.22, -3.08, 5.24
1.09, 3.42, 5.26
1.28, 3.5, 5.26
2.18, 4.33, 5.29
0.6, 3.11, 5.29
1.28, 3.52, 5.3
1.99, 4.14, 5.3
0.39, 2.96, 5.31
3.4, -3.64, 5.31
2.09, -3.11, 5.31
1.97, -3.11, 5.32
0.65, 3.17, 5.33
2.67, -3.26, 5.34
1.19, 3.49, 5.35
1.75, 3.96, 5.37
0.91, 3.37, 5.37
1.92, -3.12, 5.38
2.1, 4.37, 5.39
1.82, 4.06, 5.39
1.97, 4.21, 5.39
1.51, 3.76, 5.4
2.06, 4.35, 5.41
2.35, -3.19, 5.42
1.4, 3.68, 5.42
2.89, -3.46, 5.43
0.36, 2.97, 5.43
0.42, 3.02, 5.43
2.88, -3.46, 5.44
0.64, 3.21, 5.44
2.03, 4.37, 5.45
0.36, 2.98, 5.45
2.07, 4.44, 5.46
2.13, 4.51, 5.46
1.34, 3.66, 5.47
1.69, 4.01, 5.47
1.81, -3.14, 5.47
2.71, -3.39, 5.48
1.82, 4.17, 5.49
1.54, -3.1, 5.5
2.29, -3.22, 5.51
2.96, -3.57, 5.51
2.36, -3.25, 5.52
2.62, -3.38, 5.52
1.66, 4.02, 5.52
2.44, -3.29, 5.53
2.77, -3.48, 5.53
1.1, 3.52, 5.53
0.57, 3.2, 5.55
2.39, -3.28, 5.55
1.48, 3.86, 5.55
1.83, -3.17, 5.56
3.13, -3.74, 5.56
1.87, 4.36, 5.58
1.94, 4.48, 5.6
1.44, -3.11, 5.61
2.85, -3.6, 5.61
1.89, 4.44, 5.62
2.27, -3.28, 5.62
0.61, 3.27, 5.62
1.74, 4.27, 5.63
1.79, 4.34, 5.64
1.34, 3.83, 5.66
2.62, -3.51, 5.66
1.94, 4.58, 5.66
2.54, -3.45, 5.66
1.56, 4.09, 5.67
2.56, -3.48, 5.67
1.41, 3.94, 5.69
1.24, 3.76, 5.7
2.75, -3.63, 5.7
2.59, -3.53, 5.7
0.21, 2.95, 5.72
0.69, 3.37, 5.74
2.1, -3.28, 5.74
1.91, -3.23, 5.75
1.38, -3.14, 5.75
1.03, -3.03, 5.76
0.47, 3.22, 5.77
2.43, -3.51, 5.79
1.24, 3.84, 5.79
1.8, -3.23, 5.79
3.02, -3.96, 5.8
1.07, 3.68, 5.81
2.72, -3.76, 5.83
1.2, 3.86, 5.85
0.9, 3.54, 5.85
2.29, -3.51, 5.89
2.67, -3.8, 5.9
1.3, 4.06, 5.9
0.93, -3.03, 5.91
1.71, 4.7, 5.91
2.85, -3.98, 5.92
0.68, 3.44, 5.93
1.46, 4.37, 5.95
0.33, 3.18, 5.95
2.87, -4.07, 5.97
2.47, -3.72, 5.97
1.26, -3.17, 5.98
1.6, 4.66, 5.98
1.47, 4.46, 5.99
1.51, 4.53, 6.0
1.31, -3.2, 6.01
2.76, -4.04, 6.01
1.03, 3.84, 6.01
1.34, 4.29, 6.01
1.42, 4.45, 6.02
0.86, 3.63, 6.02
1.34, 4.37, 6.05
0.65, 3.46, 6.05
1.21, 4.16, 6.06
2.19, -3.6, 6.06
2.16, -3.59, 6.07
0.88, 3.72, 6.08
2.06, -3.54, 6.1
1.45, 4.66, 6.1
2.3, -3.74, 6.1
2.72, -4.16, 6.11
1.34, 4.47, 6.11
0.51, 3.41, 6.14
2.46, -3.94, 6.14
1.27, 4.44, 6.15
0.63, 3.49, 6.16
1.29, 4.52, 6.16
1.38, 4.69, 6.16
1.27, 4.46, 6.16
2.09, -3.63, 6.17
2.11, -3.66, 6.17
2.08, -3.63, 6.17
1.16, 4.32, 6.18
0.62, 3.51, 6.19
2.24, -3.81, 6.19
1.72, -3.39, 6.2
-0.1, 2.83, 6.2
0.91, 3.97, 6.23
0.36, 3.34, 6.24
1.31, 4.77, 6.25
2.25, -3.9, 6.25
1.15, 4.46, 6.25
-0.1, 2.87, 6.25
2.1, -3.77, 6.26
0.83, 3.9, 6.27
0.8, 3.86, 6.27
2.04, -3.75, 6.29
1.06, 4.38, 6.29
2.02, -3.72, 6.29
1.04, 4.36, 6.3
1.56, -3.36, 6.3
0.78, 3.87, 6.31
1.06, 4.41, 6.31
1.71, -3.48, 6.32
1.97, -3.72, 6.33
1.83, -3.6, 6.33
1.05, 4.48, 6.34
1.31, -3.3, 6.34
1.85, -3.64, 6.35
2.42, -4.25, 6.35
0.11, 3.17, 6.35
0.66, 3.76, 6.36
1.01, 4.45, 6.36
2.4, -4.27, 6.37
0.74, 3.93, 6.37
2.25, -4.1, 6.37
1.81, -3.63, 6.38
0.47, 3.5, 6.39
0.7, 3.91, 6.4
0.9, 4.3, 6.4
1.96, -3.82, 6.4
0.48, 3.54, 6.4
-0.06, 3.01, 6.41
1.94, -3.83, 6.42
2.05, -3.95, 6.42
0.8, 4.15, 6.42
0.97, -3.21, 6.42
2.02, -3.96, 6.44
2.22, -4.21, 6.45
-0.19, 2.87, 6.45
0.7, 4.0, 6.45
0.88, 4.42, 6.45
1.34, -3.34, 6.46
0.61, 3.86, 6.46
2.11, -4.1, 6.46
1.03, 4.88, 6.47
1.96, -3.94, 6.47
1.37, -3.35, 6.47
2.01, -4.0, 6.47
0.61, 3.87, 6.47
1.84, -3.81, 6.48
2.14, -4.19, 6.48
1.85, -3.82, 6.48
0.63, 3.97, 6.49
1.77, -3.74, 6.49
2.0, -4.03, 6.5
0.94, 4.81, 6.51
0.58, 3.9, 6.51
0.75, 4.28, 6.51
-0.27, 2.79, 6.51
2.05, -4.12, 6.51
1.61, -3.61, 6.52
0.59, 3.96, 6.52
0.64, 4.09, 6.53
0.86, 4.69, 6.54
0.39, 3.58, 6.54
-0.03, 3.13, 6.55
0.59, 4.06, 6.56
1.6, -3.67, 6.56
2.03, -4.24, 6.57
0.75, 4.51, 6.57
0.21, 3.37, 6.58
1.46, -3.54, 6.58
1.61, -3.71, 6.58
0.59, 4.16, 6.59
0.06, 3.24, 6.59
1.53, -3.62, 6.59
1.83, -4.04, 6.6
1.74, -3.91, 6.6
1.95, -4.24, 6.61
0.72, 4.66, 6.61
2.03, -4.34, 6.61
1.69, -3.9, 6.63
-0.46, 2.57, 6.63
1.54, -3.73, 6.64
1.77, -4.04, 6.64
0.19, 3.39, 6.65
0.53, 4.21, 6.65
0.65, 4.63, 6.65
1.73, -4.01, 6.65
0.63, 4.62, 6.66
-0.44, 2.63, 6.66
-0.42, 2.67, 6.66
1.81, -4.18, 6.67
1.97, -4.44, 6.67
1.6, -3.89, 6.68
1.25, -3.44, 6.68
0.29, 3.68, 6.68
-0.31, 2.86, 6.69
0.64, 4.85, 6.69
-0.27, 2.93, 6.7
1.72, -4.12, 6.7
1.86, -4.35, 6.7
0.41, 4.1, 6.71
-0.19, 3.03, 6.71
1.68, -4.09, 6.71
1.25, -3.49, 6.72
1.74, -4.22, 6.72
0.56, 4.76, 6.72
1.42, -3.75, 6.73
1.3, -3.59, 6.73
1.25, -3.52, 6.73
1.44, -3.78, 6.73
-0.22, 3.01, 6.73
-0.46, 2.66, 6.74
-0.65, 2.34, 6.75
1.6, -4.08, 6.75
0.39, 4.31, 6.75
0.35, 4.1, 6.75
0.3, 3.96, 6.76
0.35, -2.99, 6.76
0.22, -2.91, 6.77
-0.32, 2.9, 6.77
1.59, -4.13, 6.77
0.37, 4.29, 6.77
1.34, -3.73, 6.77
0.86, -3.27, 6.77
0.18, 3.65, 6.78
0.46, 4.81, 6.78
0.32, 4.17, 6.78
0.46, 4.8, 6.78
0.44, 4.71, 6.78
1.82, -4.55, 6.78
0.25, 3.98, 6.79
0.46, 4.98, 6.79
1.82, -4.63, 6.8
1.5, -4.07, 6.8
1.05, -3.37, 6.8
1.37, -3.85, 6.8
0.35, -3.01, 6.8
1.41, -3.89, 6.8
1.35, -3.81, 6.8
0.37, 4.65, 6.81
0.12, 3.65, 6.82
0.34, 4.69, 6.83
1.42, -4.04, 6.83
1.56, -4.31, 6.83
1.61, -4.39, 6.83
1.7, -4.57, 6.83
0.03, -2.81, 6.83
0.05, 3.48, 6.84
1.6, -4.44, 6.84
0.29, 4.6, 6.84
0.01, 3.41, 6.85
1.45, -4.17, 6.85
0.59, -3.17, 6.85
0.25, 4.45, 6.85
0.14, 3.87, 6.85
0.27, 4.55, 6.85
0.27, 4.7, 6.86
0.25, 4.56, 6.86
0.31, 4.88, 6.86
-0.59, 2.53, 6.86
0.01, 3.45, 6.86
0.26, 4.6, 6.86
0.6, -3.17, 6.86
0.01, 3.49, 6.87
1.43, -4.21, 6.87
-0.61, 2.5, 6.87
1.15, -3.69, 6.87
-0.52, 2.67, 6.88
1.37, -4.14, 6.88
-0.03, 3.37, 6.88
0.24, 4.97, 6.89
1.05, -3.54, 6.89
1.6, -4.72, 6.9
-0.07, 3.32, 6.9
0.02, 3.7, 6.9
0.99, -3.49, 6.91
1.55, -4.69, 6.91
-0.21, 3.13, 6.91
1.47, -4.59, 6.92
1.42, -4.47, 6.92
1.39, -4.42, 6.92
-0.03, 3.64, 6.92
0.0, 3.84, 6.92
0.38, -3.07, 6.93
-0.02, 3.83, 6.93
0.08, 4.62, 6.93
1.1, -3.79, 6.93
-0.01, 3.92, 6.93
1.31, -4.28, 6.93
0.01, 4.23, 6.94
1.41, -4.56, 6.94
1.33, -4.42, 6.94
-0.09, 3.53, 6.94
1.3, -4.34, 6.94
-0.03, 3.89, 6.94
0.08, -2.87, 6.95
0.02, 4.46, 6.95
0.0, 4.76, 6.96
1.18, -4.14, 6.96
1.25, -4.35, 6.96
-0.03, 4.33, 6.96
-0.11, 3.62, 6.96
1.12, -4.01, 6.96
1.18, -4.16, 6.96
1.15, -4.1, 6.96
0.0, 4.87, 6.96
1.33, -4.66, 6.97
1.36, -4.77, 6.97
0.0, 4.89, 6.97
0.99, -3.84, 6.98
1.25, -4.58, 6.98
-0.19, 3.23, 6.98
1.29, -4.69, 6.98
0.98, -3.83, 6.98
0.96, -3.75, 6.98
1.31, -4.65, 6.98
1.34, -4.8, 6.98
-0.09, 4.44, 6.98
1.17, -4.36, 6.99
1.05, -4.02, 6.99
-0.29, 3.09, 6.99
0.8, -3.42, 6.99
-0.09, 4.51, 6.99
-0.39, 2.96, 6.99
1.17, -4.35, 6.99
-0.13, 3.92, 6.99
-0.12, 4.58, 7.0
-0.16, 4.36, 7.0
1.0, -3.98, 7.0
-0.14, 4.76, 7.0
1.18, -4.55, 7.0
-0.15, 4.08, 7.0
1.06, -4.32, 7.01
-0.21, 3.82, 7.01
1.01, -4.11, 7.01
-0.61, 2.63, 7.01
-0.18, 4.57, 7.01
-0.19, 4.55, 7.01
-0.19, 4.65, 7.01
0.65, -3.26, 7.02
-0.25, 3.69, 7.02
-0.24, 4.28, 7.02
-0.24, 4.18, 7.02
-0.21, 4.12, 7.02
1.09, -4.59, 7.02
-0.21, 4.5, 7.02
-0.28, 3.44, 7.03
1.05, -4.56, 7.03
0.73, -3.52, 7.03
-0.28, 4.56, 7.03
0.78, -3.67, 7.03
0.82, -3.78, 7.03
1.0, -4.43, 7.03
0.93, -4.28, 7.04
0.82, -3.94, 7.04
0.98, -4.58, 7.04
1.01, -4.55, 7.04
-0.3, 3.98, 7.04
-0.29, 3.53, 7.04
0.67, -3.36, 7.04
-0.31, 3.2, 7.04
-0.32, 4.53, 7.04
-0.29, 3.52, 7.04
-0.37, 4.98, 7.05
0.9, -4.45, 7.05
0.69, -3.52, 7.05
-0.35, 3.19, 7.05
-0.33, 3.41, 7.05
-0.36, 4.49, 7.05
-0.36, 4.71, 7.05
0.73, -3.87, 7.05
0.89, -4.39, 7.05
-0.41, 4.36, 7.06
0.86, -4.7, 7.06
0.87, -4.62, 7.06
0.75, -4.36, 7.06
-0.39, 3.11, 7.06
-0.43, 4.51, 7.06
-0.74, 2.42, 7.06
-0.38, 3.52, 7.06
0.27, -3.04, 7.06
0.84, -4.73, 7.06
0.73, -4.23, 7.06
-0.5, 4.5, 7.06
0.7, -4.02, 7.06
0.87, -4.86, 7.06
-0.45, 2.93, 7.06
-1.52, -2.6, 7.07
-4.34, 0.32, 7.07
-2.71, 2.2, 7.07
-1.56, 0.0, 7.07
-2.38, -3.88, 7.07
-3.52, -2.05, 7.07
-0.15, -3.32, 7.07
-1.17, 3.56, 7.07
-4.59, -1.86, 7.07
-3.33, 0.98, 7.07
-3.68, -0.72, 7.07
-2.01, 0.42, 7.07
-4.83, 0.72, 7.07
-1.29, 0.24, 7.07
-1.04, 2.09, 7.07
-1.75, 1.41, 7.07
-0.62, 3.12, 7.07
-1.9, 3.19, 7.07
-2.95, 0.15, 7.07
-2.07, 4.12, 7.07
-2.9, -1.69, 7.07
-3.06, 1.83, 7.07
-1.37, -4.53, 7.07
-0.98, 2.98, 7.07
-1.85, -0.84, 7.07
-3.11, -2.59, 7.07
-0.5, -3.06, 7.07
-4.08, 0.63, 7.07
-2.52, -2.69, 7.07
-4.52, -1.7, 7.07
-2.06, -4.18, 7.07
-1.12, 4.11, 7.07
-3.81, 2.07, 7.07
-2.05, 3.97, 7.07
-0.97, -2.15, 7.07
-2.22, -1.67, 7.07
-4.65, -0.68, 7.07
-2.25, -1.47, 7.07
-3.16, -2.54, 7.07
-3.5, 2.86, 7.07
-2.82, 1.04, 7.07
-3.37, -0.34, 7.07
-1.57, 3.19, 7.07
-2.28, -3.87, 7.07
-2.31, 2.77, 7.07
-1.34, -2.51, 7.07
-4.18, -1.63, 7.07
-4.75, -0.91, 7.07
-1.18, 4.18, 7.07
-1.89, 0.83, 7.07
-4.5, -0.03, 7.07
-3.56, 1.79, 7.07
0.31, -3.73, 7.07
-0.61, 2.89, 7.07
-2.88, -1.18, 7.07
-1.36, -1.42, 7.07
-2.69, 3.2, 7.07
-2.4, 0.92, 7.07
-2.31, -0.93, 7.07
-2.73, -1.15, 7.07
-0.58, -2.81, 7.07
-2.3, 0.52, 7.07
-1.22, 4.16, 7.07
-1.42, -1.84, 7.07
-1.71, 2.48, 7.07
-0.57, 2.98, 7.07
-0.34, -3.88, 7.07
-3.07, -3.23, 7.07
-2.82, 3.14, 7.07
-4.82, 0.56, 7.07
-1.86, -4.53, 7.07
-4.23, 0.38, 7.07
-2.26, 1.82, 7.07
-3.92, -0.47, 7.07
-1.67, -2.26, 7.07
-2.13, 2.42, 7.07
-3.41, -1.88, 7.07
-4.65, 1.31, 7.07
-2.67, 0.18, 7.07
-4.84, 1.0, 7.07
-1.39, 1.65, 7.07
-1.9, 0.38, 7.07
-1.04, -4.72, 7.07
-0.55, -4.59, 7.07
-3.24, -1.97, 7.07
0.21, -4.28, 7.07
-2.41, -3.36, 7.07
-0.75, -3.67, 7.07
-1.59, -4.14, 7.07
-1.75, 2.61, 7.07
-2.54, -3.47, 7.07
-1.9, 2.46, 7.07
-2.06, 1.41, 7.07
-1.41, 4.45, 7.07
0.32, -3.25, 7.07
-2.34, -2.18, 7.07
-4.47, 2.23, 7.07
-1.95, 1.05, 7.07
-2.92, -0.31, 7.07
-2.18, -2.1, 7.07
-1.03, -4.49, 7.07
-2.87, 0.74, 7.07
-3.12, -3.4, 7.07
-3.3, -3.73, 7.07
-4.65, -0.4, 7.07
-0.6, 4.57, 7.07
-3.3, -3.57, 7.07
-2.32, -2.42, 7.07
-0.87, -3.34, 7.07
-1.18, -4.62, 7.07
-3.92, -2.23, 7.07
-1.31, -4.72, 7.07
-0.92, -4.23, 7.07
-1.39, -3.09, 7.07
-1.59, -1.48, 7.07
-4.14, 0.41, 7.07
-4.01, 2.27, 7.07
-4.1, 2.15, 7.07
-0.1, -3.77, 7.07
-0.26, -3.76, 7.07
-1.41, -2.82, 7.07
-2.23, -1.64, 7.07
-1.79, 0.61, 7.07
-1.03, -3.56, 7.07
-0.57, 3.41, 7.07
-0.87, -4.31, 7.07
-1.73, -3.72, 7.07
-1.97, 0.63, 7.07
-0.85, -4.56, 7.07
-1.21, -4.09, 7.07
0.43, -4.92, 7.07
-2.04, -1.2, 7.07
-3.77, 3.08, 7.07
-0.68, 4.81, 7.07
-4.61, 0.57, 7.07
-0.71, 4.07, 7.07
-4.36, -2.2, 7.07
-4.58, 1.45, 7.07
-2.12, -4.41, 7.07
-3.98, 1.99, 7.07
-2.04, -0.07, 7.07
-0.65, 3.86, 7.07
-4.03, -0.16, 7.07
-3.58, 1.52, 7.07
-2.29, -0.77, 7.07
-3.68, -0.25, 7.07
-2.17, -2.15, 7.07
-2.54, 1.28, 7.07
0.39, -3.64, 7.07
-3.99, 0.39, 7.07
-1.02, 0.22, 7.07
-3.64, -1.66, 7.07
-1.74, 4.5, 7.07
-2.16, 4.05, 7.07
-3.69, -2.06, 7.07
-2.03, -1.02, 7.07
-2.83, -0.58, 7.07
-3.23, -2.82, 7.07
-4.25, 1.22, 7.07
-2.46, -3.19, 7.07
-3.0, -1.05, 7.07
-4.56, 1.64, 7.07
-3.21, -2.91, 7.07
-1.46, 3.05, 7.07
-4.22, -0.13, 7.07
-2.88, -1.18, 7.07
-3.45, 0.93, 7.07
-1.41, -2.7, 7.07
-3.3, 3.0, 7.07
-2.37, -1.79, 7.07
-4.43, -2.16, 7.07
-3.87, 2.71, 7.07
-0.86, -3.96, 7.07
-4.52, -1.33, 7.07
-2.47, 3.08, 7.07
-2.09, -0.95, 7.07
-3.27, 2.18, 7.07
-0.62, 3.13, 7.07
-4.75, 1.35, 7.07
-2.33, 0.53, 7.07
-2.13, -1.85, 7.07
-2.24, 3.84, 7.07
-2.51, 3.57, 7.07
-3.72, -2.74, 7.07
-3.19, -3.14, 7.07
-2.41, 0.88, 7.07
-1.59, 3.95, 7.07
0.22, -4.88, 7.07
-0.34, -4.36, 7.07
-1.21, 1.57, 7.07
-1.17, 0.35, 7.07
-2.02, -2.45, 7.07
-0.53, -3.8, 7.07
-3.27, 1.8, 7.07
-4.95, 0.59, 7.07
-2.42, 0.99, 7.07
-1.82, -1.62, 7.07
-3.37, -1.91, 7.07
-3.34, 3.35, 7.07
-3.24, 1.99, 7.07
-1.91, -0.36, 7.07
-0.75, 2.62, 7.07
-0.11, 0.06, 7.07
-1.3, 1.48, 7.07
-2.05, -2.46, 7.07
-2.28, -3.5, 7.07
-2.32, 2.61, 7.07
-3.31, -0.72, 7.07
-2.54, -0.4, 7.07
-2.45, -0.59, 7.07
-1.48, -1.39, 7.07
-3.38, -2.42, 7.07
-2.09, -2.93, 7.07
-0.5, 4.1, 7.07
-2.95, -2.1, 7.07
-2.07, -0.93, 7.07
-0.71, -4.54, 7.07
-3.27, -3.69, 7.07
-4.68, -0.56, 7.07
-3.19, -3.1, 7.07
0.32, -3.79, 7.07
-3.37, 3.6, 7.07
-2.76, 2.93, 7.07
-0.11, -2.98, 7.07
-0.96, 4.55, 7.07
-1.74, 2.15, 7.07
-3.83, -0.74, 7.07
-1.1, -2.35, 7.07
-1.12, 3.2, 7.07
-3.26, 0.07, 7.07
-3.03, 2.67, 7.07
-1.5, -4.46, 7.07
-3.84, -2.51, 7.07
-4.76, -0.03, 7.07
-1.69, 1.18, 7.07
-2.81, -0.57, 7.07
-0.95, -0.11, 7.07
-3.17, -0.7, 7.07
-1.75, -2.09, 7.07
-3.58, 3.48, 7.07
-1.8, -3.5, 7.07
-0.4, -4.16, 7.07
-2.33, 2.37, 7.07
-1.07, -2.95, 7.07
-0.21, -4.11, 7.07
-2.14, -2.78, 7.07
-0.71, 2.79, 7.07
-1.27, 0.97, 7.07
-3.7, 1.25, 7.07
-4.66, 1.08, 7.07
-3.15, 3.6, 7.07
-1.49, 0.28, 7.07
-1.52, -2.94, 7.07
0.6, -3.73, 7.07
-3.76, 1.16, 7.07
-4.12, -0.89, 7.07
-1.5, -4.26, 7.07
-2.55, -3.45, 7.07
-0.96, -2.7, 7.07
-2.28, 2.11, 7.07
-3.8, 3.2, 7.07
-4.14, 0.19, 7.07
-3.28, 0.06, 7.07
-1.58, -0.63, 7.07
-0.32, -4.85, 7.07
-2.11, 2.44, 7.07
-4.07, 1.5, 7.07
-1.82, -2.68, 7.07
-4.25, -0.1, 7.07
-2.57, -3.25, 7.07
-2.39, 2.03, 7.07
-0.24, -4.71, 7.07
-4.2, 0.0, 7.07
-1.64, 2.25, 7.07
-1.01, 4.09, 7.07
-1.01, -2.28, 7.07
-2.31, -3.84, 7.07
-1.91, -0.12, 7.07
-3.02, 2.52, 7.07
-2.55, 4.25, 7.07
-4.47, -1.13, 7.07
-2.65, -0.52, 7.07
-4.5, 1.68, 7.07
-2.14, -0.03, 7.07
-1.6, -3.65, 7.07
-2.97, -1.23, 7.07
-3.23, 2.84, 7.07
-2.05, 2.65, 7.07
-0.53, 3.39, 7.07
-2.89, 3.38, 7.07
-0.78, 3.27, 7.07
-2.69, -0.45, 7.07
-1.27, 2.94, 7.07
-3.94, -2.2, 7.07
-2.66, -1.6, 7.07
-1.44, 3.23, 7.07
-1.57, -2.44, 7.07
-3.85, -0.47, 7.07
-4.03, -0.61, 7.07
-1.75, -1.43, 7.07
-0.76, -4.86, 7.07
-0.72, 3.51, 7.07
-3.79, 1.33, 7.07
-1.51, -0.01, 7.07
-4.06, -2.8, 7.07
-2.54, 0.0, 7.07
-2.18, -0.21, 7.07
-1.47, -3.47, 7.07
-2.81, 2.5, 7.07
-1.72, -0.23, 7.07
-1.28, 1.57, 7.07
-2.8, 1.12, 7.07
-3.9, 3.06, 7.07
-0.61, 4.54, 7.07
-4.28, 1.16, 7.07
-3.32, -0.82, 7.07
-3.8, 0.96, 7.07
-2.54, -3.21, 7.07
-1.87, -1.86, 7.07
-2.05, -4.16, 7.07
-2.29, 2.2, 7.07
-1.51, 2.6, 7.07
-3.61, 0.37, 7.07
-3.54, 3.15, 7.07
-4.31, 1.97, 7.07
-4.57, 0.18, 7.07
-3.77, 0.01, 7.07
-2.43, -2.85, 7.07
-3.02, -0.25, 7.07
-1.16, 0.4, 7.07
0.09, -4.89, 7.07
-2.95, -0.59, 7.07
-2.44, 1.96, 7.07
-2.14, 2.43, 7.07
-3.46, 3.53, 7.07
-3.87, 1.8, 7.07
-1.71, 3.29, 7.07
-1.89, -3.27, 7.07
-2.31, 2.72, 7.07
-3.84, 2.59, 7.07
-3.94, 1.19, 7.07
-4.51, 1.51, 7.07
-0.62, -4.14, 7.07
-3.67, -1.2, 7.07
-3.66, -0.84, 7.07
-2.29, 1.08, 7.07
-3.4, 1.72, 7.07
-4.77, -0.6, 7.07
-2.06, -1.01, 7.07
-3.26, -2.16, 7.07
-2.35, -3.4, 7.07
-1.66, 1.87, 7.07
-3.2, 2.02, 7.07
-3.09, 3.8, 7.07
-1.32, -1.37, 7.07
-3.58, -3.42, 7.07
-1.87, 2.44, 7.07
-4.92, -0.11, 7.07
-1.08, 2.66, 7.07
-1.15, -3.45, 7.07
-3.1, -1.27, 7.07
-3.27, -2.19, 7.07
-2.13, 3.1, 7.07
-4.35, -0.12, 7.07
-0.8, 2.57, 7.07
-2.01, -0.67, 7.07
-3.0, -3.11, 7.07
-3.38, -2.44, 7.07
-4.94, 0.19, 7.07
-2.46, -3.12, 7.07
-3.55, -0.24, 7.07
-1.89, 4.39, 7.07
-2.46, -2.28, 7.07
-2.47, -2.79, 7.07
-2.03, 1.6, 7.07
-0.89, -2.78, 7.07
-1.92, 4.47, 7.07
-3.34, 1.29, 7.07
-2.91, -2.0, 7.07
-2.02, -2.1, 7.07
-1.12, 0.25, 7.07
-2.22, 4.09, 7.07
-2.34, 3.32, 7.07
-0.82, 4.26, 7.07
-1.59, -2.23, 7.07
-0.92, -4.09, 7.07
-3.28, -0.16, 7.07
-4.87, -0.1, 7.07
-1.21, -4.74, 7.07
-2.55, 2.0, 7.07
-3.08, -2.05, 7.07
-2.6, 2.25, 7.07
-3.0, -1.86, 7.07
-1.38, -1.66, 7.07
-0.8, -4.41, 7.07
-1.81, 2.71, 7.07
-3.09, 1.19, 7.07
-3.94, 2.73, 7.07
-1.62, 2.67, 7.07
-0.57, 2.92, 7.07
-4.41, -1.29, 7.07
-2.22, 4.38, 7.07
-3.77, 1.08, 7.07
-0.69, 2.69, 7.07
-1.48, 1.17, 7.07
-2.24, -1.05, 7.07
-2.16, -2.15, 7.07
-1.37, -4.09, 7.07
-2.32, -1.47, 7.07
-3.38, -0.03, 7.07
-1.45, -1.38, 7.07
-2.69, 1.85, 7.07
-1.55, -4.45, 7.07
-2.0, 0.79, 7.07
-1.46, 2.97, 7.07
-1.87, -0.45, 7.07
-2.14, 2.56, 7.07
-3.23, -3.69, 7.07
-1.47, -3.17, 7.07
-1.39, 0.06, 7.07
-0.35, -4.42, 7.07
-3.65, -0.27, 7.07
-1.87, 4.4, 7.07
-1.37, -3.22, 7.07
-3.19, 0.38, 7.07
-0.06, -2.96, 7.07
-3.57, 3.24, 7.07
-3.47, 3.36, 7.07
-1.48, 0.07, 7.07
-2.51, 0.83, 7.07
-3.14, 3.53, 7.07
-1.66, 3.76, 7.07
-1.06, 4.05, 7.07
-4.38, -0.4, 7.07
-2.49, 1.29, 7.07
-1.49, 4.65, 7.07
-2.17, -2.02, 7.07
-2.9, -2.64, 7.07
-3.79, -0.74, 7.07
-1.84, -2.12, 7.07
-4.16, -0.26, 7.07
0.34, -4.56, 7.07
-4.04, 1.58, 7.07
-2.83, 1.44, 7.07
-1.85, 1.69, 7.07
-1.71, -1.73, 7.07
-3.16, -0.12, 7.07
-0.74, -3.99, 7.07
-1.41, 2.18, 7.07
-1.3, -0.21, 7.07
-1.12, 0.34, 7.07
0.3, -4.08, 7.07
-1.28, -3.66, 7.07
-1.51, 3.77, 7.07
-2.41, 1.79, 7.07
-0.84, -4.35, 7.07
-4.04, -2.39, 7.07
-3.01, -1.17, 7.07
-0.12, -3.22, 7.07
-3.43, -3.08, 7.07
-2.79, -0.75, 7.07
-3.56, -2.88, 7.07
-4.08, -0.34, 7.07
-2.68, -0.24, 7.07
-1.95, -1.29, 7.07
-3.24, -1.0, 7.07
-0.47, -3.46, 7.07
-0.85, -3.21, 7.07
-4.17, -2.59, 7.07
-2.68, -1.29, 7.07
-4.58, 0.97, 7.07
-2.8, -0.27, 7.07
-3.42, -2.15, 7.07
0.16, -4.32, 7.07
-2.39, -0.56, 7.07
-3.83, 1.92, 7.07
-1.32, -1.97, 7.07
-3.57, 1.97, 7.07
-2.17, -2.0, 7.07
-1.37, -1.46, 7.07
-2.24, 3.77, 7.07
-0.35, -4.09, 7.07
-2.83, 2.64, 7.07
-3.95, 2.88, 7.07
-1.76, 1.01, 7.07
-3.41, 2.29, 7.07
-2.24, -0.86, 7.07
-1.81, 4.44, 7.07
-1.28, -0.54, 7.07
-3.19, -3.3, 7.07
-3.75, 0.23, 7.07
-4.06, 1.69, 7.07
-3.68, -2.66, 7.07
-2.7, 0.8, 7.07
-1.66, -0.55, 7.07
-3.07, 0.89, 7.07
-0.98, -4.26, 7.07
-1.33, 1.37, 7.07
-0.85, -2.77, 7.07
-1.25, 2.75, 7.07
-2.4, 1.5, 7.07
-1.31, 1.98, 7.07
-2.6, -0.11, 7.07
-0.87, 2.45, 7.07
-3.34, 0.96, 7.07
-0.59, 2.82, 7.07
-3.37, -0.53, 7.07
-1.3, 2.49, 7.07
-0.99, 1.93, 7.07
-4.97, -0.39, 7.07
-2.57, -0.98, 7.07
-1.71, 1.94, 7.07
-2.11, -3.65, 7.07
-3.62, -0.83, 7.07
-3.36, -1.0, 7.07
-0.25, -4.45, 7.07
0.38, -4.03, 7.07
-1.81, -3.01, 7.07
-1.63, -2.29, 7.07
-3.51, -0.93, 7.07
-2.82, -1.48, 7.07
-0.41, -4.92, 7.07
-2.15, 1.44, 7.07
-1.18, -1.33, 7.07
-0.83, 3.47, 7.07
-1.09, -4.37, 7.07
-2.22, -4.32, 7.07
-3.07, 0.07, 7.07
-1.66, 1.99, 7.07
-4.3, 0.44, 7.07
-3.42, -2.28, 7.07
-1.83, -4.17, 7.07
-2.27, 3.32, 7.07
-3.4, -1.61, 7.07
-3.71, 0.75, 7.07
-1.99, -2.39, 7.07
-4.66, -0.16, 7.07
-2.46, -0.3, 7.07
-2.52, -3.45, 7.07
-1.37, 3.22, 7.07
-2.35, -1.99, 7.07
-1.62, -0.6, 7.07
-3.08, 2.23, 7.07
-0.83, 3.94, 7.07
-2.45, -2.4, 7.07
-3.08, 0.99, 7.07
-1.68, -0.15, 7.07
-1.32, 3.51, 7.07
0.07, -4.01, 7.07
-3.02, 1.38, 7.07
-2.9, -0.71, 7.07
-2.66, -0.11, 7.07
-2.0, 0.33, 7.07
-2.34, 2.41, 7.07
-0.49, -3.29, 7.07
-2.19, 1.58, 7.07
-3.16, 2.07, 7.07
-4.21, -1.01, 7.07
-0.25, -3.01, 7.07
-0.66, -4.62, 7.07
-3.79, 2.66, 7.07
-2.07, 0.78, 7.07
-1.86, -4.22, 7.07
-4.82, -1.21, 7.07
-0.98, -0.01, 7.07
-3.16, 2.71, 7.07
-0.85, 4.75, 7.07
-3.24, 0.79, 7.07
-1.4, -3.84, 7.07
-1.73, -3.55, 7.07
-1.43, -2.3, 7.07
-0.85, 3.07, 7.07
-1.81, 1.97, 7.07
-1.48, 2.2, 7.07
-0.7, -3.28, 7.07
-2.63, 3.76, 7.07
-2.8, -3.67, 7.07
-3.56, 1.79, 7.07
-1.47, -2.45, 7.07
-2.57, 4.26, 7.07
-0.46, 3.56, 7.07
-1.45, -0.1, 7.07
-0.38, -4.69, 7.07
-0.84, 2.87, 7.07
-1.48, -3.91, 7.07
-0.31, -3.11, 7.07
-1.29, -0.49, 7.07
-1.67, 0.07, 7.07
-3.33, -1.64, 7.07
-0.14, -4.68, 7.07
-2.18, -0.24, 7.07
-3.01, -0.42, 7.07
-1.58, 3.37, 7.07
-4.41, 0.9, 7.07
-4.33, 2.11, 7.07
-1.89, 3.94, 7.07
-4.37, 2.28, 7.07
-3.34, 1.79, 7.07
-0.47, -3.42, 7.07
-2.94, -0.49, 7.07
-2.1, 3.5, 7.07
-1.65, -4.42, 7.07
-3.82, -2.22, 7.07
-3.68, -0.03, 7.07
-2.42, 3.34, 7.07
-2.58, -0.81, 7.07
-3.56, 0.45, 7.07
-2.61, -1.84, 7.07
-4.35, -0.65, 7.07
0.64, -4.26, 7.07
-2.99, -1.94, 7.07
-0.8, -3.76, 7.07
-2.27, 2.87, 7.07
-0.82, -3.18, 7.07
-2.07, 2.36, 7.07
-4.07, 1.95, 7.07
-1.22, 2.15, 7.07
-4.52, 1.85, 7.07
-3.1, 3.13, 7.07
-4.72, -0.25, 7.07
-1.75, 2.19, 7.07
-1.78, 3.96, 7.07
-2.48, 2.21, 7.07
0.31, -4.04, 7.07
-1.11, -3.33, 7.07
-2.34, -3.3, 7.07
-0.82, 3.8, 7.07
-0.32, -4.31, 7.07
-3.15, 0.75, 7.07
-3.89, 0.6, 7.07
-2.17, -4.25, 7.07
-1.58, -0.05, 7.07
-3.59, -1.9, 7.07
-2.29, 3.85, 7.07
-0.1, -2.81, 7.07
-2.79, 2.33, 7.07
-0.47, -2.74, 7.07
-1.12, -1.85, 7.07
-1.18, -4.53, 7.07
-4.14, 0.91, 7.07
-1.84, -0.93, 7.07
-4.1, 2.42, 7.07
-4.39, -0.19, 7.07
-1.38, 1.38, 7.07
-2.41, -0.45, 7.07
-3.52, -0.67, 7.07
-3.73, -2.12, 7.07
-4.1, 0.46, 7.07
-4.33, -1.08, 7.07
-0.49, -3.69, 7.07
-2.19, 2.59, 7.07
-1.73, -4.33, 7.07
-4.7, 0.13, 7.07
-3.71, 0.47, 7.07
-2.11, -1.17, 7.07
-1.76, 0.45, 7.07
-3.69, 2.95, 7.07
-2.67, -1.01, 7.07
-3.72, -1.85, 7.07
-0.86, -4.03, 7.07
-2.16, 2.55, 7.07
-3.48, -1.53, 7.07
-4.83, -0.9, 7.07
-4.29, 1.16, 7.07
-4.31, -1.98, 7.07
-3.81, -1.2, 7.07
-1.12, 3.06, 7.07
-0.03, -3.83, 7.07
-1.92, -0.26, 7.07
-3.02, 2.16, 7.07
0.16, -3.03, 7.07
-1.96, -0.37, 7.07
-1.32, 2.81, 7.07
-4.01, -2.52, 7.07
-2.47, -0.76, 7.07
-2.45, -3.61, 7.07
-2.33, 1.05, 7.07
-4.13, -1.96, 7.07
-4.01, 2.89, 7.07
-3.23, 2.64, 7.07
-2.81, -2.89, 7.07
-2.6, 1.92, 7.07
-2.3, 2.54, 7.07
-2.06, 2.8, 7.07
-4.37, -1.93, 7.07
-0.92, -3.27, 7.07
-1.77, 1.41, 7.07
-3.33, 2.09, 7.07
-1.19, 2.61, 7.07
-1.17, -4.53, 7.07
-3.51, -0.3, 7.07
-2.28, -1.54, 7.07
-3.24, 0.0, 7.07
-1.12, 4.16, 7.07
-4.57, 0.81, 7.07
-0.26, -2.86, 7.07
-1.56, -2.56, 7.07
0.35, -3.27, 7.07
-0.25, -4.73, 7.07
-1.83, 2.22, 7.07
-3.48, -3.43, 7.07
-1.46, 1.79, 7.07
-0.34, -2.78, 7.07
-3.78, -0.97, 7.07
-2.05, -0.46, 7.07
-3.97, -1.17, 7.07
-1.68, 1.8, 7.07
-4.03, -1.41, 7.07
-1.29, 3.96, 7.07
-0.31, -4.79, 7.07
-1.77, -0.59, 7.07
-2.34, -2.22, 7.07
-2.62, -1.83, 7.07
-3.92, -0.01, 7.07
-1.37, -4.79, 7.07
-4.27, 1.23, 7.07
-3.45, -1.64, 7.07
-1.95, 3.58, 7.07
-2.44, -3.12, 7.07
-2.79, 0.2, 7.07
-3.54, -2.27, 7.07
-4.06, 1.89, 7.07
-1.31, -3.64, 7.07
-0.75, -0.15, 7.07
-2.11, 0.44, 7.07
-2.29, 2.77, 7.07
-1.51, 4.21, 7.07
-2.38, 1.09, 7.07
-1.4, 3.51, 7.07
-1.87, 1.52, 7.07
-3.54, 3.04, 7.07
-4.55, 1.88, 7.07
-0.32, -3.14, 7.07
-1.53, -3.61, 7.07
-4.49, -0.81, 7.07
-3.85, -1.65, 7.07
-2.43, 0.34, 7.07
-0.81, -4.76, 7.07
-1.11, 3.61, 7.07
-1.92, 0.51, 7.07
-1.54, 2.98, 7.07
-1.12, 4.59, 7.07
-2.31, 3.22, 7.07
-3.79, -2.2, 7.07
-1.34, -3.98, 7.07
-3.11, 3.62, 7.07
-4.26, 1.82, 7.07
-4.13, 0.08, 7.07
-3.6, 0.52, 7.07
-1.86, -4.29, 7.07
-0.59, 2.86, 7.07
-1.96, 3.97, 7.07
-2.0, 1.0, 7.07
-0.68, -0.08, 7.07
-1.41, -4.16, 7.07
-2.87, 3.22, 7.07
-2.8, -3.56, 7.07
-4.97, 0.57, 7.07
-1.3, -3.86, 7.07
-2.8, -3.5, 7.07
-3.35, 3.45, 7.07
-1.01, 1.97, 7.07
-0.62, -2.85, 7.07
-2.61, 0.82, 7.07
-4.3, 1.11, 7.07
-3.28, 2.99, 7.07
-3.69, -2.19, 7.07
-4.65, -0.64, 7.07
-3.64, 0.58, 7.07
-1.13, 2.06, 7.07
-1.99, 2.99, 7.07
0.58, -4.87, 7.07
-1.53, -0.06, 7.07
-2.15, -4.46, 7.07
-1.37, -2.02, 7.07
-1.62, 1.22, 7.07
-1.52, -4.0, 7.07
-2.34, 1.12, 7.07
0.22, -4.73, 7.07
-3.7, 2.6, 7.07
-4.06, 0.34, 7.07
-1.82, 2.28, 7.07
-0.14, -4.73, 7.07
-1.65, 3.24, 7.07
0.41, -4.87, 7.07
-1.04, 1.93, 7.07
-0.58, -2.55, 7.07
-1.9, -2.6, 7.07
-2.63, 0.43, 7.07
0.54, -4.29, 7.07
-2.44, 2.68, 7.07
-1.87, -1.03, 7.07
-1.95, 0.55, 7.07
-4.03, -2.72, 7.07
-3.53, 2.53, 7.07
-2.83, -0.82, 7.07
-1.64, 2.83, 7.07
-1.67, 1.99, 7.07
-0.74, -2.9, 7.07
-1.19, 0.34, 7.07
-1.49, -4.42, 7.07
-2.57, 0.9, 7.07
-2.04, -0.39, 7.07
-1.24, 0.71, 7.07
-0.78, -2.51, 7.07
-1.14, 2.73, 7.07
-2.43, -2.44, 7.07
-3.43, 0.3, 7.07
-1.65, -0.24, 7.07
-3.04, 3.38, 7.07
-2.06, 0.8, 7.07
-1.19, -4.61, 7.07
0.05, -2.89, 7.07
-3.37, -3.05, 7.07
-4.42, 1.69, 7.07
-3.03, 1.38, 7.07
-4.68, 1.5, 7.07
-3.65, -1.89, 7.07
-3.06, -3.64, 7.07
-2.7, 3.2, 7.07
-4.7, -0.22, 7.07
-1.46, -1.54, 7.07
-4.37, -1.57, 7.07
-2.5, -2.67, 7.07
-1.35, -2.43, 7.07
-2.28, -2.72, 7.07
-3.72, 3.07, 7.07
-1.09, -1.97, 7.07
-2.65, 2.68, 7.07
-4.23, -2.64, 7.07
-2.94, -3.55, 7.07
-2.69, -0.35, 7.07
-1.04, 2.63, 7.07
-1.94, -3.79, 7.07
-1.73, 3.53, 7.07
-3.37, 3.23, 7.07
-2.91, 2.65, 7.07
-1.44, -2.03, 7.07
-0.79, 0.05, 7.07
-2.84, -3.34, 7.07
-1.96, -2.4, 7.07
-1.24, -1.09, 7.07
-4.79, 0.98, 7.07
-0.91, -3.9, 7.07
-4.12, 1.8, 7.07
-0.81, 3.02, 7.07
-0.31, -4.83, 7.07
-0.9, -4.78, 7.07
-1.73, -4.43, 7.07
-1.58, 3.63, 7.07
-3.87, -1.53, 7.07
-3.08, 1.76, 7.07
-4.19, 1.49, 7.07
-2.38, -1.51, 7.07
-2.91, 0.59, 7.07
-2.81, -1.28, 7.07
-3.79, 1.78, 7.07
-2.66, -3.57, 7.07
-1.7, -0.59, 7.07
-1.74, -4.65, 7.07
-0.55, -4.6, 7.07
-3.47, 0.75, 7.07
-4.0, 0.63, 7.07
-3.12, -1.74, 7.07
-1.72, -1.57, 7.07
-1.13, -1.72, 7.07
0.37, -4.29, 7.07
-3.92, 0.5, 7.07
-1.41, 2.33, 7.07
-1.86, -1.77, 7.07
-1.28, -3.27, 7.07
-4.14, 1.12, 7.07
0.19, -4.85, 7.07
-3.29, -1.64, 7.07
-2.47, 2.44, 7.07
-0.91, 3.63, 7.07
-2.14, 1.42, 7.07
-1.38, -0.9, 7.07
-0.98, 2.99, 7.07
-2.38, -2.03, 7.07
-2.71, 3.74, 7.07
-2.37, 4.13, 7.07
-1.62, 4.68, 7.07
-1.12, -2.44, 7.07
-2.01, -3.66, 7.07
-3.38, -3.59, 7.07
-1.68, -3.89, 7.07
-0.6, 3.09, 7.07
-1.82, 2.15, 7.07
-2.97, 1.47, 7.07
-2.0, -1.44, 7.07
-1.03, 4.03, 7.07
-1.55, -1.72, 7.07
-3.47, 1.63, 7.07
-1.5, 1.59, 7.07
-2.05, 3.66, 7.07
-1.41, 1.97, 7.07
-0.67, 4.49, 7.07
0.38, -4.94, 7.07
-1.42, -1.58, 7.07
-1.06, -3.55, 7.07
-4.17, 1.42, 7.07
-2.78, -2.71, 7.07
-3.11, -2.76, 7.07
-1.4, 1.82, 7.07
-1.83, -4.05, 7.07
-2.9, -1.95, 7.07
-2.94, -1.39, 7.07
-0.64, 0.01, 7.07
-0.83, 4.63, 7.07
-4.67, -1.06, 7.07
-1.37, 4.64, 7.07
-1.29, 4.63, 7.07
0.08, -4.02, 7.07
-1.52, -2.18, 7.07
-1.38, 4.19, 7.07
-2.94, -3.35, 7.07
-2.76, 1.67, 7.07
-1.3, 0.67, 7.07
-1.51, -1.02, 7.07
-0.29, -4.14, 7.07
-1.71, 3.8, 7.07
-3.51, 0.64, 7.07
-2.01, 0.9, 7.07
-3.61, 0.46, 7.07
-1.16, -1.53, 7.07
-1.17, 1.57, 7.07
-2.59, -1.82, 7.07
-3.8, -1.33, 7.07
-3.88, 0.2, 7.07
-1.75, -2.41, 7.07
-2.03, -3.61, 7.07
-2.19, 1.54, 7.07
-2.9, 3.43, 7.07
-4.02, -2.65, 7.07
-2.2, -4.46, 7.07
-0.86, 3.11, 7.07
-4.52, 0.61, 7.07
-1.28, 3.51, 7.07
-4.28, 0.05, 7.07
-0.84, -3.26, 7.07
-2.2, 2.41, 7.07
-1.92, -1.96, 7.07
-3.14, -2.65, 7.07
-3.36, -3.07, 7.07
-3.55, -2.18, 7.07
-1.89, 0.1, 7.07
-1.73, 3.92, 7.07
-0.57, 4.17, 7.07
-2.93, 0.22, 7.07
-1.28, -4.77, 7.07
-3.44, 0.72, 7.07
-4.65, 1.79, 7.07
-2.68, -1.7, 7.07
-3.28, 0.84, 7.07
-0.52, 3.56, 7.07
-2.71, -2.09, 7.07
-3.64, -1.86, 7.07
-4.52, 1.39, 7.07
-3.77, 1.4, 7.07
-0.86, -2.95, 7.07
-2.72, -3.29, 7.07
-4.3, 1.17, 7.07
-3.08, -0.75, 7.07
-4.69, 0.18, 7.07
-2.93, 1.88, 7.07
-1.24, 1.62, 7.07
-3.01, -3.58, 7.07
-1.44, 2.47, 7.07
-4.07, 0.23, 7.07
0.43, -3.68, 7.07
-1.56, 1.27, 7.07
-1.12, -4.34, 7.07
-0.13, -3.87, 7.07
-1.25, -0.72, 7.07
-2.44, 3.83, 7.07
-0.1, -3.65, 7.07
-2.32, -3.45, 7.07
-2.61, -2.69, 7.07
-1.7, 1.96, 7.07
-4.41, 0.16, 7.07
-1.65, -1.97, 7.07
-3.76, 2.5, 7.07
-3.44, -1.0, 7.07
-2.15, -2.9, 7.07
-2.4, 2.86, 7.07
-3.11, -0.2, 7.07
-1.93, 0.42, 7.07
-2.99, -0.56, 7.07
-1.47, 3.53, 7.07
-1.13, 2.15, 7.07
-1.59, 0.23, 7.07
-1.69, 3.5, 7.07
-3.67, -2.48, 7.07
-1.88, 2.71, 7.07
-1.44, 4.48, 7.07
-2.08, -1.4, 7.07
-3.21, 1.51, 7.07
-4.55, 0.57, 7.07
-1.1, 0.22, 7.07
-2.3, 3.36, 7.07
-2.04, 1.45, 7.07
-0.83, 2.75, 7.07
-1.48, -3.27, 7.07
-2.29, -2.15, 7.07
-2.82, 3.42, 7.07
-0.22, -3.64, 7.07
-2.62, 3.91, 7.07
-1.33, -2.09, 7.07
-0.6, 3.7, 7.07
-1.75, -4.55, 7.07
-1.4, 3.85, 7.07
-2.27, 0.86, 7.07
-1.0, 3.18, 7.07
-1.82, -2.95, 7.07
-2.08, -3.85, 7.07
-4.82, -0.84, 7.07
-2.13, 0.71, 7.07
-1.91, 2.53, 7.07
-2.72, 2.9, 7.07
-2.99, -0.22, 7.07
-4.26, 0.25, 7.07
-4.9, 0.82, 7.07
-1.11, -4.83, 7.07
-0.94, -3.64, 7.07
-1.22, -2.62, 7.07
-0.3, -4.2, 7.07
-4.33, 1.0, 7.07
-0.75, 3.41, 7.07
-2.28, -3.19, 7.07
-2.37, -4.12, 7.07
-1.27, -0.96, 7.07
-1.73, -1.68, 7.07
-4.91, 0.26, 7.07
-3.59, 1.76, 7.07
-1.41, -2.73, 7.07
-3.71, -3.07, 7.07
-2.96, -1.21, 7.07
-1.23, -4.28, 7.07
-1.02, 2.57, 7.07
-2.31, 4.15, 7.07
-1.08, 1.83, 7.07
-2.53, -3.88, 7.07
-1.9, 2.13, 7.07
-2.39, 0.71, 7.07
-1.04, -3.82, 7.07
-4.27, -2.09, 7.07
-2.26, -2.42, 7.07
-4.44, -0.43, 7.07
-2.75, 2.08, 7.07
-2.31, -3.76, 7.07
-0.9, -3.11, 7.07
-3.91, 1.78, 7.07
0.19, -4.83, 7.07
-0.89, -2.9, 7.07
-0.92, 2.17, 7.07
-2.72, -1.52, 7.07
-2.19, -1.96, 7.07
-4.3, -0.93, 7.07
-1.86, 3.55, 7.07
-1.52, 1.56, 7.07
-3.89, 2.57, 7.07
-0.76, -4.53, 7.07
-3.1, 3.89, 7.07
-1.77, 3.08, 7.07
-4.22, -2.53, 7.07
-3.69, 1.45, 7.07
-1.04, 1.87, 7.07
-1.79, -1.68, 7.07
-1.52, -4.15, 7.07
-2.13, -3.49, 7.07
-1.59, -0.12, 7.07
-4.52, -1.43, 7.07
-1.98, 1.28, 7.07
-4.39, -0.94, 7.07
-4.65, -0.72, 7.07
-4.69, -1.48, 7.07
-0.87, 3.6, 7.07
-2.16, 1.61, 7.07
-4.59, -0.31, 7.07
-4.42, 1.47, 7.07
-2.25, 3.7, 7.07
-1.36, 4.67, 7.07
-1.73, -3.45, 7.07
-2.61, -0.55, 7.07
-1.96, -1.92, 7.07
-4.62, -0.57, 7.07
-2.09, 2.32, 7.07
-3.46, 0.31, 7.07
-1.37, 2.11, 7.07
-0.99, -2.37, 7.07
-3.05, 2.9, 7.07
-0.95, 3.16, 7.07
-2.29, -2.17, 7.07
-4.54, -0.83, 7.07
-4.39, 1.06, 7.07
-1.03, 3.01, 7.07
-3.14, 0.45, 7.07
-2.38, -3.55, 7.07
-3.32, 2.46, 7.07
0.16, -3.45, 7.07
-1.25, -2.72, 7.07
-1.62, -2.64, 7.07
-2.0, -3.84, 7.07
0.45, -4.15, 7.07
-4.61, -1.3, 7.07
-2.44, 2.61, 7.07
-3.72, 2.93, 7.07
-2.56, -3.25, 7.07
-0.81, 3.5, 7.07
-1.33, -0.54, 7.07
-3.38, -0.97, 7.07
-1.06, -0.15, 7.07
-2.04, -4.28, 7.07
-0.28, -4.67, 7.07
-1.78, 3.93, 7.07
-2.98, -1.16, 7.07
0.47, -3.29, 7.07
-3.62, 2.91, 7.07
-2.88, -2.66, 7.07
-1.52, -1.68, 7.07
-3.37, -1.35, 7.07
-3.02, 1.94, 7.07
-2.21, -3.39, 7.07
-0.48, -2.9, 7.07
-0.37, -4.42, 7.07
-2.27, 3.77, 7.07
-1.32, 2.2, 7.07
-1.6, 3.11, 7.07
-1.02, -4.11, 7.07
-4.95, -0.56, 7.07
-1.89, -4.2, 7.07
-3.54, -3.5, 7.07
-3.4, 3.11, 7.07
-3.14, -1.41, 7.07
-2.75, 0.47, 7.07
-4.2, 1.83, 7.07
-2.22, -2.36, 7.07
0.63, -4.28, 7.07
-3.37, 2.41, 7.07
-2.87, 2.68, 7.07
-1.81, 4.17, 7.07
-1.27, 4.36, 7.07
-2.09, -3.49, 7.07
-2.76, -2.24, 7.07
0.25, -3.37, 7.07
-2.32, -3.61, 7.07
-0.22, -3.65, 7.07
-4.01, 0.44, 7.07
-1.32, 2.15, 7.07
-2.28, 3.99, 7.07
-3.26, 0.29, 7.07
-3.48, 1.87, 7.07
-1.6, -2.3, 7.07
-1.82, -3.82, 7.07
-3.57, -1.19, 7.07
-2.35, 1.21, 7.07
-2.59, 4.2, 7.07
-0.41, -4.19, 7.07
-3.14, -2.89, 7.07
0.24, -4.55, 7.07
-3.37, -1.66, 7.07
-2.92, -3.04, 7.07
-1.1, 4.76, 7.07
-2.24, 2.43, 7.07
-1.33, 2.96, 7.07
-1.15, -1.71, 7.07
-2.03, -4.39, 7.07
-1.01, 0.09, 7.07
-2.84, -3.08, 7.07
-1.9, 4.41, 7.07
-3.27, 2.9, 7.07
-2.38, 3.16, 7.07
0.62, -3.92, 7.07
-0.77, -0.1, 7.07
-4.37, -0.81, 7.07
-1.47, 4.02, 7.07
0.29, -4.39, 7.07
-1.99, -3.98, 7.07
-0.7, -4.15, 7.07
-3.82, 0.15, 7.07
-3.09, 2.63, 7.07
-1.84, -2.59, 7.07
-4.34, -1.68, 7.07
-0.41, 3.2, 7.07
-3.19, -0.28, 7.07
-2.82, 2.37, 7.07
-3.68, -3.01, 7.07
-1.83, -4.4, 7.07
-2.31, -3.31, 7.07
-3.72, -0.67, 7.07
-3.87, 0.91, 7.07
-1.5, -0.36, 7.07
-3.65, 2.13, 7.07
-1.23, -1.22, 7.07
-3.26, 0.82, 7.07
-1.63, -1.78, 7.07
-1.99, -3.59, 7.07
-1.35, 3.28, 7.07
-4.83, -0.99, 7.07
-1.13, 4.64, 7.07
-1.06, -3.23, 7.07
-3.34, 1.24, 7.07
-0.57, -2.61, 7.07
-3.15, -1.6, 7.07
-2.39, 2.93, 7.07
-3.39, 1.46, 7.07
-2.47, 1.54, 7.07
-3.97, -0.03, 7.07
-1.74, -3.99, 7.07
-2.38, 4.11, 7.07
-0.73, 4.7, 7.07
-2.57, -0.23, 7.07
0.75, -4.4, 7.07
-3.51, 0.73, 7.07
-2.91, 1.89, 7.07
-3.29, 3.54, 7.07
-2.69, -3.87, 7.07
-2.62, 0.7, 7.07
-1.25, -4.4, 7.07
-2.52, 0.88, 7.07
-4.04, 1.02, 7.07
-4.22, 2.1, 7.07
0.69, -4.87, 7.07
-0.92, -0.1, 7.07
-3.32, 1.89, 7.07
0.3, -3.33, 7.07
-4.6, 0.99, 7.07
-3.64, -1.88, 7.07
-2.07, -2.82, 7.07
-1.62, 1.55, 7.07
-1.14, 2.71, 7.07
-2.99, -1.97, 7.07
-3.19, 1.37, 7.07
-2.17, -3.11, 7.07
-1.84, -0.65, 7.07
-1.11, -4.34, 7.07
-2.04, -2.92, 7.07
0.67, -4.03, 7.07
-4.0, -1.75, 7.07
-0.54, -4.04, 7.07
-3.09, 0.21, 7.07
-1.82, -2.79, 7.07
-1.37, 2.08, 7.07
-1.97, 0.63, 7.07
0.29, -4.49, 7.07
-4.13, -2.34, 7.07
-1.72, -4.69, 7.07
0.45, -3.24, 7.07
-1.96, -1.39, 7.07
-1.82, 1.08, 7.07
-4.51, -1.04, 7.07
-2.64, -2.29, 7.07
-2.75, -2.82, 7.07
0.2, -4.45, 7.07
-0.67, 4.68, 7.07
-0.9, 4.9, 7.07
-0.66, -0.11, 7.07
-1.13, 3.05, 7.07
-3.84, -2.41, 7.07
0.22, -4.72, 7.07
-0.98, 2.12, 7.07
-0.9, 3.69, 7.07
-4.12, 2.22, 7.07
-1.33, 3.69, 7.07
-3.1, -0.74, 7.07
-3.74, 1.07, 7.07
-1.98, -3.03, 7.07
-3.82, -2.1, 7.07
-2.65, -3.88, 7.07
-2.66, -2.72, 7.07
-3.24, 1.5, 7.07
-1.77, -0.53, 7.07
-1.75, -0.24, 7.07
-3.29, -0.89, 7.07
-3.64, -2.69, 7.07
-1.28, -4.44, 7.07
-0.25, -3.33, 7.07
-0.57, 4.26, 7.07
-2.4, -0.06, 7.07
-1.67, 3.82, 7.07
-2.07, 3.87, 7.07
-3.23, 0.98, 7.07
-3.08, 3.72, 7.07
-2.08, 1.27, 7.07
-4.77, 0.85, 7.07
-2.73, 3.51, 7.07
-1.38, 3.32, 7.07
-2.71, 3.61, 7.07
-1.37, -0.1, 7.07
-1.34, 0.11, 7.07
-1.17, 3.11, 7.07
-1.36, 1.0, 7.07
-3.4, -1.69, 7.07
-2.66, -1.29, 7.07
-4.59, -1.77, 7.07
-3.99, -0.99, 7.07
-3.74, 0.44, 7.07
-3.68, -2.11, 7.07
-1.58, -3.17, 7.07
-1.18, -3.4, 7.07
-2.68, 0.33, 7.07
-2.64, 4.2, 7.07
-0.5, 4.12, 7.07
-2.22, 4.32, 7.07
-2.79, -0.16, 7.07
-0.81, 4.28, 7.07
-1.08, 2.03, 7.07
-2.78, -1.38, 7.07
-3.49, 3.53, 7.07
-1.98, 1.27, 7.07
-0.73, 0.11, 7.07
-2.1, 2.17, 7.07
-1.96, 2.4, 7.07
-4.47, 0.97, 7.07
-3.06, 3.24, 7.07
-2.18, -0.81, 7.07
-2.12, 1.64, 7.07
-1.06, -1.93, 7.07
-4.44, 1.43, 7.07
-2.46, -2.05, 7.07
-1.48, -1.9, 7.07
-2.46, -3.07, 7.07
-4.85, 0.41, 7.07
-0.77, -4.76, 7.07
-2.73, 0.36, 7.07
-1.88, -1.32, 7.07
-1.5, 0.2, 7.07
-0.81, 3.82, 7.07
-1.36, -0.51, 7.07
-1.97, 2.2, 7.07
-1.08, 3.16, 7.07
-0.92, 2.25, 7.07
-0.87, -4.28, 7.07
-4.74, -1.46, 7.07
-3.37, 1.66, 7.07
-1.77, -1.84, 7.07
-2.62, 2.92, 7.07
-2.56, 0.72, 7.07
-1.9, -4.06, 7.07
-2.01, 0.25, 7.07
0.22, -3.56, 7.07
-3.33, -1.94, 7.07
-0.5, 4.16, 7.07
-2.41, -2.19, 7.07
-1.72, -4.67, 7.07
-1.63, -4.48, 7.07
-2.63, -0.53, 7.07
-1.66, 1.64, 7.07
-2.15, 0.13, 7.07
-1.69, 4.29, 7.07
-2.8, -2.07, 7.07
0.17, -4.73, 7.07
-3.68, 1.34, 7.07
-4.72, -0.11, 7.07
-4.15, -2.19, 7.07
-1.39, -4.52, 7.07
-4.92, 0.34, 7.07
-1.31, 1.81, 7.07
-3.17, 1.18, 7.07
-2.89, 0.5, 7.07
-1.73, -4.52, 7.07
-2.85, -0.95, 7.07
-1.72, -1.32, 7.07
-2.82, 0.23, 7.07
-0.8, 0.25, 7.07
-3.16, -1.54, 7.07
-1.69, -2.85, 7.07
-1.44, -4.25, 7.07
-0.06, -3.98, 7.07
-1.04, 3.93, 7.07
-1.35, -1.94, 7.07
-1.63, -1.09, 7.07
-3.36, -1.67, 7.07
-2.37, 0.12, 7.07
-1.17, -2.48, 7.07
-3.48, 0.14, 7.07
-2.78, -1.17, 7.07
-3.57, -2.92, 7.07
-1.34, 2.02, 7.07
0.29, -4.93, 7.07
-4.61, 0.52, 7.07
-1.69, 3.04, 7.07
-2.84, -2.65, 7.07
-1.08, 2.17, 7.07
-1.17, 2.61, 7.07
-2.14, -1.57, 7.07
-2.9, 0.51, 7.07
-3.33, -3.05, 7.07
-3.32, -1.59, 7.07
0.36, -4.29, 7.07
-1.57, -0.1, 7.07
-1.07, -4.3, 7.07
-1.15, -3.35, 7.07
-2.42, 2.95, 7.07
0.41, -4.54, 7.07
-2.28, -0.68, 7.07
-3.71, -0.32, 7.07
-2.01, -0.57, 7.07
-3.88, 1.5, 7.07
-1.59, 0.29, 7.07
-4.2, -1.77, 7.07
-1.84, 1.36, 7.07
-1.53, 3.31, 7.07
-0.77, 4.7, 7.07
-2.26, 1.36, 7.07
-0.76, 0.23, 7.07
-2.14, -1.45, 7.07
-4.41, 1.72, 7.07
-2.79, -1.11, 7.07
-1.75, 1.63, 7.07
-0.4, -4.65, 7.07
-1.99, 3.12, 7.07
-2.4, 2.11, 7.07
-0.14, -3.03, 7.07
-1.5, -2.06, 7.07
-2.19, -1.28, 7.07
-1.6, -4.18, 7.07
-1.42, -1.37, 7.07
-2.51, -3.14, 7.07
-0.93, 3.01, 7.07
-4.47, -0.88, 7.07
-1.18, -4.57, 7.07
0.26, -3.67, 7.07
-1.02, 0.05, 7.07
-1.97, -1.26, 7.07
-0.84, 4.84, 7.07
-1.86, 2.54, 7.07
0.64, -4.21, 7.07
-1.58, -2.83, 7.07
-4.04, -2.82, 7.07
-0.88, -2.75, 7.07
-4.27, -2.32, 7.07
-4.86, -0.2, 7.07
-2.38, -1.37, 7.07
-2.12, 4.34, 7.07
-1.39, -3.29, 7.07
-2.59, 1.56, 7.07
-2.45, 1.27, 7.07
0.53, -3.7, 7.07
-1.37, -4.09, 7.07
0.58, -4.07, 7.07
-2.38, 3.68, 7.07
-2.85, -0.91, 7.07
-1.08, 4.59, 7.07
-1.45, -3.54, 7.07
-0.49, -3.4, 7.07
0.2, -4.55, 7.07
-2.22, 4.18, 7.07
-3.73, 2.61, 7.07
-1.71, 1.51, 7.07
-3.27, 1.77, 7.07
-1.12, 1.78, 7.07
-2.65, 2.24, 7.07
-2.85, -2.88, 7.07
-3.47, 2.5, 7.07
-1.25, -4.79, 7.07
-2.07, 1.11, 7.07
-0.98, -2.23, 7.07
-2.53, -1.22, 7.07
-0.02, -2.86, 7.07
-3.57, -3.3, 7.07
-1.28, 2.89, 7.07
-3.28, -3.48, 7.07
-4.38, 1.72, 7.07
-2.5, -2.35, 7.07
-4.05, 2.14, 7.07
-3.91, 2.86, 7.07
-3.09, 1.72, 7.07
-2.6, -3.47, 7.07
-2.16, -0.06, 7.07
-2.5, 1.44, 7.07
-1.34, -2.89, 7.07
-2.24, -1.1, 7.07
-2.8, -1.48, 7.07
-1.09, -1.62, 7.07
-0.9, -0.26, 7.07
-1.24, -3.94, 7.07
-4.79, -0.61, 7.07
-1.94, 4.28, 7.07
-4.38, 2.27, 7.07
-2.84, -1.82, 7.07
-2.82, -2.5, 7.07
-3.75, 1.91, 7.07
-3.41, -2.98, 7.07
-2.68, 3.71, 7.07
-0.52, -2.7, 7.07
-3.24, 2.12, 7.07
-1.21, 0.31, 7.07
-1.12, 1.74, 7.07
-1.59, -4.37, 7.07
-2.17, 2.14, 7.07
-0.56, 3.51, 7.07
-4.63, 0.42, 7.07
-2.82, 0.39, 7.07
-1.88, 0.69, 7.07
-0.17, -4.86, 7.07
-4.74, -0.43, 7.07
-1.32, -0.03, 7.07
-3.62, 1.76, 7.07
-2.35, 3.88, 7.07
-2.27, 4.34, 7.07
-2.77, -1.01, 7.07
-2.17, -0.63, 7.07
-0.79, -0.09, 7.07
-0.21, -3.46, 7.07
-1.69, -2.11, 7.07
-4.26, 0.57, 7.07
-2.06, -4.45, 7.07
0.18, -3.25, 7.07
0.39, -4.19, 7.07
-0.73, 0.19, 7.07
-0.87, -3.9, 7.07
-4.29, 1.02, 7.07
-1.22, 2.21, 7.07
-2.5, -2.56, 7.07
-1.6, 3.57, 7.07
-1.83, -2.47, 7.07
-0.53, 3.89, 7.07
-4.47, -1.33, 7.07
-3.91, 1.79, 7.07
-3.06, -0.71, 7.07
-2.55, -4.01, 7.07
-4.86, -0.36, 7.07
-2.45, -0.37, 7.07
-4.12, -0.48, 7.07
-3.7, -1.34, 7.07
-0.37, -3.0, 7.07
-2.49, 2.63, 7.07
-3.3, -0.89, 7.07
-3.82, 1.77, 7.07
-3.22, 2.69, 7.07
-2.7, -0.44, 7.07
-1.87, -2.55, 7.07
-1.35, -0.35, 7.07
-2.02, 0.89, 7.07
-4.54, 1.47, 7.07
-4.08, 1.52, 7.07
0.43, -4.66, 7.07
-1.66, 0.91, 7.07
-3.97, -1.73, 7.07
-2.07, -2.9, 7.07
-0.29, -3.91, 7.07
-2.18, -0.7, 7.07
-1.49, 3.25, 7.07
-1.79, 2.56, 7.07
-2.31, 1.09, 7.07
-1.56, 3.15, 7.07
-0.25, -4.41, 7.07
-4.34, -0.5, 7.07
-3.31, 3.59, 7.07
-0.24, -2.79, 7.07
-1.3, 1.52, 7.07
-1.71, 2.49, 7.07
-3.26, -2.88, 7.07
-2.3, 0.42, 7.07
-2.0, 2.33, 7.07
-0.67, -2.45, 7.07
-3.68, 3.21, 7.07
-0.83, -3.36, 7.07
-2.48, 2.22, 7.07
-1.61, 0.46, 7.07
-3.34, -1.43, 7.07
-3.25, -2.54, 7.07
-0.97, -3.27, 7.07
-3.14, 0.41, 7.07
-3.71, -0.22, 7.07
-3.0, -2.72, 7.07
-2.48, 0.92, 7.07
-4.7, 0.28, 7.07
-1.84, -3.5, 7.07
-4.53, 1.63, 7.07
-4.41, 1.75, 7.07
-2.0, -3.42, 7.07
-1.93, -2.4, 7.07
-3.01, 0.12, 7.07
-4.36, -2.22, 7.07
-0.56, 3.69, 7.07
-2.44, -1.78, 7.07
-2.09, -1.53, 7.07
-4.01, -1.39, 7.07
-1.04, 1.93, 7.07
-3.9, 0.34, 7.07
-3.81, -1.74, 7.07
-0.91, -3.52, 7.07
-1.93, -2.18, 7.07
-0.37, -4.97, 7.07
-0.49, -3.74, 7.07
-4.66, -0.54, 7.07
-2.86, 2.85, 7.07
-3.41, -2.89, 7.07
-1.04, -0.23, 7.07
-3.96, -3.03, 7.07
-1.8, 1.83, 7.07
-2.92, -1.45, 7.07
-3.99, 2.0, 7.07
-2.8, -2.33, 7.07
-2.21, 1.8, 7.07
-1.65, 3.03, 7.07
-3.68, 2.78, 7.07
-4.23, -1.76, 7.07
-3.91, 2.18, 7.07
-3.91, -1.68, 7.07
-1.22, 1.32, 7.07
-3.76, -2.69, 7.07
-2.47, 1.95, 7.07
-1.72, 2.55, 7.07
-2.16, 2.32, 7.07
-3.23, 3.44, 7.07
-1.18, 4.19, 7.07
-3.63, 3.28, 7.07
-1.84, 0.61, 7.07
-1.55, -3.5, 7.07
-1.06, 2.09, 7.07
-1.93, -3.2, 7.07
-3.83, 1.01, 7.07
-2.12, 3.6, 7.07
0.17, -3.68, 7.07
-1.32, -1.97, 7.07
-2.92, -3.53, 7.07
-1.88, -1.34, 7.07
-3.4, -2.22, 7.07
-4.08, -2.27, 7.07
-0.1, -4.46, 7.07
-0.93, -0.13, 7.07
-1.28, -2.79, 7.07
-3.43, 2.74, 7.07
-1.06, 2.76, 7.07
-1.46, 0.31, 7.07
-2.69, -2.57, 7.07
-1.24, 3.34, 7.07
-4.44, 1.94, 7.07
-2.74, -0.85, 7.07
-0.27, -3.27, 7.07
-2.44, -3.53, 7.07
-0.53, -4.15, 7.07
-3.31, -2.61, 7.07
-2.18, -2.38, 7.07
-2.03, -3.53, 7.07
-2.8, 1.1, 7.07
-2.82, 0.48, 7.07
-1.37, -2.79, 7.07
-2.23, -2.06, 7.07
-4.23, 1.53, 7.07
-4.16, 1.78, 7.07
-2.65, 4.11, 7.07
-4.22, -2.41, 7.07
-2.87, 2.07, 7.07
-0.65, 4.46, 7.07
-1.65, -2.05, 7.07
-2.16, -2.62, 7.07
-1.98, -1.95, 7.07
-1.44, -4.33, 7.07
-4.56, -1.62, 7.07
-2.23, 4.38, 7.07
-1.95, 3.96, 7.07
-0.06, -4.69, 7.07
0.75, -4.69, 7.07
-2.83, 1.38, 7.07
-1.62, -3.15, 7.07
-1.72, 2.96, 7.07
-2.22, 2.76, 7.07
-1.82, -0.59, 7.07
-4.19, -0.73, 7.07
-2.0, -1.83, 7.07
-4.48, -1.57, 7.07
0.03, -4.34, 7.07
-4.72, -0.92, 7.07
-0.73, -4.71, 7.07
0.45, -3.5, 7.07
-3.95, -2.95, 7.07
-2.96, 1.41, 7.07
-2.85, 0.06, 7.07
-1.61, -0.75, 7.07
-1.18, -2.17, 7.07
-3.37, 0.42, 7.07
-3.64, 2.81, 7.07
-2.19, 2.11, 7.07
-1.19, -0.31, 7.07
-2.05, 4.54, 7.07
-4.25, 1.65, 7.07
-4.08, 1.9, 7.07
-1.99, -3.77, 7.07
-2.7, 3.37, 7.07
-3.91, 1.15, 7.07
-2.06, 0.09, 7.07
-0.27, -2.7, 7.07
-1.38, -3.22, 7.07
-2.77, -3.66, 7.07
-2.97, -2.18, 7.07
-0.56, -4.02, 7.07
-4.87, -1.03, 7.07
-2.02, 3.31, 7.07
-4.16, 0.32, 7.07
-3.74, 0.8, 7.07
0.14, -4.23, 7.07
-2.5, -1.33, 7.07
-1.65, -2.71, 7.07
-1.39, -1.05, 7.07
-1.98, -0.76, 7.07
-2.78, -2.82, 7.07
-2.69, -3.64, 7.07
-0.68, 0.12, 7.07
-1.34, -3.24, 7.07
-3.07, -1.0, 7.07
-0.79, -3.66, 7.07
0.21, -3.66, 7.07
-3.68, -1.61, 7.07
-1.41, 0.35, 7.07
-2.38, 2.51, 7.07
-1.94, 1.9, 7.07
-1.53, -2.43, 7.07
-2.64, -1.85, 7.07
-1.53, 0.11, 7.07
-0.7, 3.15, 7.07
-3.85, -1.68, 7.07
-3.12, -2.21, 7.07
-1.95, 3.14, 7.07
-1.39, 1.15, 7.07
0.1, -4.45, 7.07
-1.62, -2.08, 7.07
-3.39, 1.41, 7.07
-1.9, 1.27, 7.07
-4.33, 0.49, 7.07
-3.18, -2.47, 7.07
-1.04, 3.75, 7.07
-3.89, 2.14, 7.07
-3.38, -0.71, 7.07
-3.74, 0.17, 7.07
-0.01, -2.98, 7.07
-1.39, -0.79, 7.07
-1.35, -2.98, 7.07
-1.58, -3.41, 7.07
-3.65, 0.32, 7.07
-2.73, 2.4, 7.07
-0.52, 4.56, 7.07
-0.3, -0.11, 7.07
-1.73, 0.51, 7.07
-4.36, -0.46, 7.07
-1.27, -2.9, 7.07
-4.28, 0.29, 7.07
-0.22, -3.86, 7.07
-4.31, 2.42, 7.07
-3.97, -2.86, 7.07
-4.41, 0.1, 7.07
-2.59, 3.54, 7.07
-3.53, 2.77, 7.07
-3.08, -2.41, 7.07
-2.77, 0.86, 7.07
-2.33, 1.34, 7.07
-3.56, 2.42, 7.07
-3.16, -1.61, 7.07
-3.2, 0.55, 7.07
-1.34, 3.92, 7.07
-2.77, -2.58, 7.07
-2.34, -2.07, 7.07
-2.7, -0.9, 7.07
-0.82, 2.75, 7.07
-1.08, -3.85, 7.07
-3.21, 3.49, 7.07
-1.48, 2.62, 7.07
-3.33, 2.51, 7.07
-1.62, 2.9, 7.07
-1.52, -2.78, 7.07
-0.29, -3.56, 7.07
-4.7, 1.45, 7.07
-4.24, -0.08, 7.07
-4.16, 1.81, 7.07
-4.5, 0.59, 7.07
-1.19, -3.91, 7.07
3.27, -0.74, 10.0
4.03, -0.18, 10.0
4.63, -0.02, 10.0
4.63, -1.08, 10.0
1.53, -1.32, 10.0
-0.49, 2.46, 10.0
-0.67, -1.07, 10.0
4.6, 0.22, 10.0
2.32, 2.32, 10.0
4.69, 0.25, 10.0
-0.16, -1.71, 10.0
1.06, -1.43, 10.0
1.54, -0.23, 10.0
-0.72, 1.15, 10.0
1.19, 0.71, 10.0
1.55, -2.8, 10.0
2.44, -0.95, 10.0
2.32, 1.46, 10.0
2.39, -0.59, 10.0
1.38, 2.6, 10.0
3.81, 1.3, 10.0
2.09, -0.05, 10.0
-0.45, 1.02, 10.0
1.77, 0.56, 10.0
0.08, -1.85, 10.0
-0.97, 0.66, 10.0
1.67, -2.27, 10.0
-0.78, -0.8, 10.0
3.89, 0.14, 10.0
0.09, -2.18, 10.0
1.78, 0.52, 10.0
1.62, 2.39, 10.0
0.21, -2.69, 10.0
-0.98, 1.73, 10.0
1.4, 1.27, 10.0
3.06, -1.26, 10.0
1.16, 1.39, 10.0
2.84, -0.68, 10.0
2.73, 1.09, 10.0
1.43, -0.81, 10.0
3.32, 0.64, 10.0
1.68, -1.08, 10.0
-0.47, -2.33, 10.0
4.75, 1.28, 10.0
0.42, -0.73, 10.0
3.94, 0.87, 10.0
3.22, -0.37, 10.0
0.31, 1.75, 10.0
0.59, -1.93, 10.0
-0.21, 1.05, 10.0
2.36, 0.67, 10.0
0.92, -2.87, 10.0
2.22, 1.58, 10.0
4.28, -0.46, 10.0
-0.12, 0.99, 10.0
0.25, -2.86, 10.0
4.19, -0.4, 10.0
3.52, 0.76, 10.0
3.04, 0.75, 10.0
1.46, -0.66, 10.0
1.63, 2.4, 10.0
-0.06, 0.38, 10.0
0.68, -1.88, 10.0
0.4, 1.87, 10.0
0.76, -0.18, 10.0
4.49, -0.98, 10.0
3.13, -1.06, 10.0
-1.03, 1.46, 10.0
0.38, -2.18, 10.0
-0.62, -1.22, 10.0
2.22, -2.45, 10.0
1.57, -2.08, 10.0
3.67, -0.09, 10.0
0.52, -2.79, 10.0
2.97, -0.53, 10.0
2.88, 0.91, 10.0
4.27, -0.74, 10.0
-0.2, 1.35, 10.0
3.5, -0.5, 10.0
1.65, -1.24, 10.0
0.23, 0.39, 10.0
-0.04, 1.44, 10.0
0.32, -1.53, 10.0
0.48, 1.6, 10.0
1.72, 2.07, 10.0
1.15, -0.99, 10.0
-0.4, -0.72, 10.0
-0.67, 0.23, 10.0
2.97, -0.05, 10.0
-0.79, 1.51, 10.0
1.79, 0.12, 10.0
0.56, -0.82, 10.0
1.34, -1.7, 10.0
1.2, -1.82, 10.0
-0.15, -0.99, 10.0
3.78, 0.2, 10.0
4.73, -1.53, 10.0
1.22, 2.34, 10.0
3.21, -0.91, 10.0
3.7, 1.18, 10.0
1.09, 0.32, 10.0
1.49, -1.46, 10.0
1.13, -0.94, 10.0
1.6, 2.32, 10.0
2.61, -0.25, 10.0
-0.98, 1.75, 10.0
2.13, -0.67, 10.0
1.71, 1.7, 10.0
2.78, -1.71, 10.0
2.21, -0.43, 10.0
-0.34, -0.76, 10.0
-0.4, -2.1, 10.0
4.23, -0.13, 10.0
4.67, 0.19, 10.0
-0.05, 1.6, 10.0
1.64, -0.79, 10.0
4.35, 0.35, 10.0
2.6, 1.09, 10.0
0.81, -0.16, 10.0
1.13, 1.28, 10.0
2.0, -2.1, 10.0
-0.75, 1.04, 10.0
-0.63, 0.65, 10.0
0.34, -1.71, 10.0
0.07, -0.09, 10.0
-0.48, 2.17, 10.0
0.28, -0.76, 10.0
1.65, 1.02, 10.0
2.84, 1.34, 10.0
0.84, 0.63, 10.0
2.0, 2.56, 10.0
4.56, -1.47, 10.0
-0.6, -0.73, 10.0
3.65, 0.76, 10.0
2.33, -0.66, 10.0
-0.61, 0.43, 10.0
1.54, -1.85, 10.0
-1.02, 1.64, 10.0
2.73, -1.74, 10.0
0.46, -0.29, 10.0
4.8, 1.0, 10.0
-0.73, 0.71, 10.0
3.43, -0.37, 10.0
4.11, 0.62, 10.0
2.92, 1.65, 10.0
2.64, -0.19, 10.0
0.11, -0.14, 10.0
1.13, -0.42, 10.0
2.22, 0.03, 10.0
1.35, -2.5, 10.0
2.19, 2.13, 10.0
1.82, -1.18, 10.0
2.13, 2.28, 10.0
-1.13, 1.02, 10.0
4.29, -0.39, 10.0
-0.6, 1.96, 10.0
1.7, 2.77, 10.0
3.0, 1.22, 10.0
-0.75, -1.0, 10.0
4.97, 0.06, 10.0
0.98, 0.87, 10.0
0.6, 2.13, 10.0
4.55, -0.86, 10.0
4.33, 1.24, 10.0
2.03, 0.5, 10.0
1.21, -0.04, 10.0
1.56, -2.66, 10.0
-0.7, -0.26, 10.0
0.4, 2.26, 10.0
4.09, -1.25, 10.0
1.43, 0.71, 10.0
2.16, 1.61, 10.0
3.93, -0.24, 10.0
2.24, -0.31, 10.0
4.64, 0.73, 10.0
1.37, 2.6, 10.0
0.81, 1.96, 10.0
3.94, -0.79, 10.0
1.22, -0.54, 10.0
1.92, -1.51, 10.0
1.57, -0.62, 10.0
1.68, -2.09, 10.0
1.13, 1.79, 10.0
0.83, -1.56, 10.0
3.39, -0.36, 10.0
1.87, 1.48, 10.0
0.52, -1.46, 10.0
-1.1, 0.93, 10.0
0.11, -1.18, 10.0
2.88, -1.27, 10.0
1.58, -1.51, 10.0
1.66, 1.95, 10.0
0.51, -2.29, 10.0
0.29, -1.18, 10.0
2.48, 0.74, 10.0
-0.08, 2.26, 10.0
4.68, -0.52, 10.0
1.72, 0.87, 10.0
2.63, -1.03, 10.0
1.81, -2.36, 10.0
4.41, -0.76, 10.0
0.03, -0.54, 10.0
0.16, 0.35, 10.0
2.79, 1.04, 10.0
1.16, 0.55, 10.0
-0.59, -1.49, 10.0
1.36, 0.45, 10.0
-0.54, -0.34, 10.0
0.09, -2.37, 10.0
4.75, 1.1, 10.0
4.76, -1.06, 10.0
2.75, 1.64, 10.0
-0.89, -1.05, 10.0
-0.34, 0.74, 10.0
0.22, 1.42, 10.0
-1.13, 1.28, 10.0
3.05, 0.96, 10.0
2.87, 0.95, 10.0
-0.16, 1.14, 10.0
3.86, -0.3, 10.0
3.93, 0.95, 10.0
-0.87, -1.76, 10.0
4.33, -0.36, 10.0
1.63, 2.41, 10.0
-1.0, -0.81, 10.0
0.94, -0.67, 10.0
2.19, -1.95, 10.0
0.77, -1.56, 10.0
-0.82, 1.1, 10.0
4.36, 1.55, 10.0
-0.07, 2.56, 10.0
2.78, 0.02, 10.0
3.29, 0.86, 10.0
0.94, 0.45, 10.0
2.36, 0.53, 10.0
4.44, -0.85, 10.0
2.13, -0.54, 10.0
2.59, 2.18, 10.0
4.29, -0.43, 10.0
-0.56, -0.73, 10.0
3.67, -0.86, 10.0
3.19, 0.79, 10.0
2.03, 0.81, 10.0
0.84, -0.81, 10.0
-0.88, -1.46, 10.0
4.33, 0.47, 10.0
2.15, -1.31, 10.0
0.17, 0.07, 10.0
1.43, -2.52, 10.0
3.24, -0.44, 10.0
0.02, 2.75, 10.0
4.01, -1.24, 10.0
1.74, 2.54, 10.0
3.66, 1.37, 10.0
3.17, 0.25, 10.0
0.72, -1.2, 10.0
0.0, 2.36, 10.0
0.13, -1.02, 10.0
2.29, -0.23, 10.0
1.54, -0.12, 10.0
-0.08, -2.16, 10.0
0.41, -2.17, 10.0
2.92, 0.76, 10.0
2.82, -0.74, 10.0
-0.17, -0.34, 10.0
1.7, 1.89, 10.0
0.82, -1.23, 10.0
4.18, -0.13, 10.0
-1.15, -1.1, 10.0
2.63, -1.74, 10.0
1.14, 1.8, 10.0
0.26, -1.63, 10.0
0.01, 0.72, 10.0
1.38, -1.25, 10.0
2.22, 0.89, 10.0
1.44, 2.86, 10.0
-1.22, -0.68, 10.0
0.39, 1.13, 10.0
-0.46, -0.55, 10.0
-0.47, 1.84, 10.0
0.05, -0.44, 10.0
3.06, -0.5, 10.0
-0.68, 1.05, 10.0
2.92, -0.96, 10.0
4.25, -1.44, 10.0
-0.36, -2.14, 10.0
1.11, -2.77, 10.0
3.82, -1.02, 10.0
0.89, 2.82, 10.0
3.51, -0.11, 10.0
4.01, 0.69, 10.0
0.26, 2.03, 10.0
4.7, -1.33, 10.0
0.17, 0.45, 10.0
2.25, 1.61, 10.0
0.05, -0.7, 10.0
1.95, -2.12, 10.0
4.58, -1.32, 10.0
1.14, -0.53, 10.0
1.32, 1.07, 10.0
1.04, 0.78, 10.0
1.52, 0.85, 10.0
0.14, 2.26, 10.0
-0.86, 0.99, 10.0
3.94, -0.74, 10.0
0.56, -1.4, 10.0
-1.0, 1.22, 10.0
1.93, 0.72, 10.0
0.55, -0.81, 10.0
-0.94, 0.61, 10.0
0.76, 0.4, 10.0
0.97, 1.69, 10.0
-0.47, -1.38, 10.0
4.65, 0.55, 10.0
2.25, 0.24, 10.0
1.44, 2.0, 10.0
-0.71, -0.89, 10.0
2.84, 1.09, 10.0
1.36, 0.43, 10.0
0.82, 1.99, 10.0
2.35, 2.42, 10.0
2.25, 0.44, 10.0
1.8, 2.4, 10.0
0.49, -0.14, 10.0
1.9, -2.43, 10.0
-0.59, 2.02, 10.0
2.82, -0.94, 10.0
2.64, -0.43, 10.0
-0.07, 0.45, 10.0
-0.27, -0.57, 10.0
0.47, -2.27, 10.0
1.46, -0.7, 10.0
2.53, 1.43, 10.0
3.02, -1.27, 10.0
2.16, 1.96, 10.0
1.92, -2.25, 10.0
4.57, -0.64, 10.0
3.67, 0.77, 10.0
4.3, -0.49, 10.0
3.45, -0.77, 10.0
2.54, 0.65, 10.0
2.13, 2.28, 10.0
0.02, 0.6, 10.0
1.25, 1.46, 10.0
1.98, -0.86, 10.0
1.71, 2.09, 10.0
1.18, 1.59, 10.0
4.17, 0.24, 10.0
1.19, -2.73, 10.0
0.75, -2.11, 10.0
3.46, 0.5, 10.0
1.36, -1.27, 10.0
1.25, -2.27, 10.0
1.94, 1.71, 10.0
4.65, -1.01, 10.0
0.11, -2.0, 10.0
4.05, -1.2, 10.0
2.93, 1.32, 10.0
2.08, -2.59, 10.0
2.4, -1.46, 10.0
-0.07, 2.49, 10.0
1.58, 0.07, 10.0
-0.28, 0.9, 10.0
4.42, 1.2, 10.0
3.12, 1.21, 10.0
4.72, 1.17, 10.0
4.7, -0.9, 10.0
3.08, 0.36, 10.0
0.35, 2.49, 10.0
4.94, -0.31, 10.0
1.99, -1.56, 10.0
0.96, -0.91, 10.0
3.87, -1.3, 10.0
1.76, -2.21, 10.0
2.65, 1.73, 10.0
2.24, 1.1, 10.0
3.8, 0.6, 10.0
1.97, 0.91, 10.0
-1.06, -1.01, 10.0
1.87, -1.21, 10.0
4.53, 0.06, 10.0
0.73, -0.17, 10.0
-0.52, -2.13, 10.0
0.96, 2.85, 10.0
0.5, 1.91, 10.0
4.44, -1.03, 10.0
2.85, -1.45, 10.0
0.98, -2.65, 10.0
2.34, 1.72, 10.0
1.13, -0.83, 10.0
0.49, -2.35, 10.0
0.95, -0.74, 10.0
2.55, -2.07, 10.0
4.97, -0.46, 10.0
0.34, 0.04, 10.0
3.93, -0.55, 10.0
2.37, -1.94, 10.0
1.59, 2.16, 10.0
4.34, -0.87, 10.0
0.4, 1.34, 10.0
4.13, -1.02, 10.0
1.67, 0.88, 10.0
0.29, 1.81, 10.0
3.88, 0.89, 10.0
-0.87, 1.05, 10.0
-0.31, -0.79, 10.0
0.62, -0.5, 10.0
4.85, -0.81, 10.0
1.84, 1.28, 10.0
2.53, -0.32, 10.0
2.51, 0.5, 10.0
1.09, 0.44, 10.0
1.6, -0.18, 10.0
2.89, -1.37, 10.0
-0.46, -2.09, 10.0
0.27, 2.45, 10.0
1.44, 1.59, 10.0
2.1, -1.92, 10.0
2.7, 1.6, 10.0
1.57, 1.26, 10.0
2.39, -1.74, 10.0
1.62, -0.42, 10.0
0.93, -0.57, 10.0
-1.2, 0.5, 10.0
4.59, 0.96, 10.0
2.0, -2.64, 10.0
-0.16, -1.05, 10.0
1.61, 0.48, 10.0
-0.31, -0.19, 10.0
1.94, -0.21, 10.0
1.3, 1.84, 10.0
2.89, -0.86, 10.0
-0.87, 0.31, 10.0
1.6, -0.99, 10.0
0.53, 1.66, 10.0
3.35, -0.88, 10.0
1.04, -2.97, 10.0
3.17, 0.71, 10.0
1.25, 0.6, 10.0
-0.04, -0.56, 10.0
-1.08, -0.75, 10.0
1.02, 2.67, 10.0
0.76, 2.71, 10.0
-0.04, -1.61, 10.0
0.99, 2.66, 10.0
0.09, 2.4, 10.0
0.71, -2.96, 10.0
1.25, -2.11, 10.0
-0.33, 0.36, 10.0
4.44, -0.1, 10.0
2.25, -0.41, 10.0
1.2, 0.42, 10.0
-0.04, 2.29, 10.0
0.99, 2.02, 10.0
2.4, -0.31, 10.0
4.47, 1.46, 10.0
1.79, -0.83, 10.0
-0.67, 0.26, 10.0
2.93, 0.5, 10.0
0.51, -0.75, 10.0
4.69, -0.8, 10.0
4.43, 0.42, 10.0
2.84, 1.41, 10.0
2.3, -0.81, 10.0
0.74, 0.58, 10.0
1.73, 2.26, 10.0
1.54, 2.88, 10.0
3.83, 0.76, 10.0
1.59, 2.48, 10.0
1.94, -0.17, 10.0
3.43, 1.16, 10.0
-0.73, -1.65, 10.0
1.57, -0.21, 10.0
-0.92, -1.26, 10.0
2.59, -0.54, 10.0
1.9, -0.72, 10.0
1.39, -1.66, 10.0
1.72, 2.49, 10.0
2.71, -1.48, 10.0
0.44, -0.49, 10.0
0.33, -1.32, 10.0
1.34, 0.13, 10.0
1.74, -1.68, 10.0
0.96, -1.77, 10.0
2.58, -1.78, 10.0
1.1, -2.16, 10.0
3.87, -0.8, 10.0
0.13, -2.56, 10.0
0.35, 1.99, 10.0
3.8, 0.49, 10.0
1.32, -1.83, 10.0
3.03, 1.04, 10.0
0.71, -2.47, 10.0
2.88, 0.35, 10.0
2.37, 1.37, 10.0
1.2, -1.16, 10.0
2.78, -0.88, 10.0
4.24, -1.51, 10.0
1.35, 2.26, 10.0
-0.52, -1.64, 10.0
1.18, 2.35, 10.0
0.61, 0.16, 10.0
-0.01, -2.21, 10.0
-0.03, -1.13, 10.0
1.7, -1.09, 10.0
-0.45, 1.79, 10.0
-0.86, -0.81, 10.0
0.75, -2.15, 10.0
-0.25, 1.45, 10.0
-0.19, -2.26, 10.0
0.34, 1.9, 10.0
0.91, -2.76, 10.0
0.88, -0.93, 10.0
2.4, -0.9, 10.0
3.41, -0.64, 10.0
4.16, -0.67, 10.0
2.15, 0.18, 10.0
0.62, 1.29, 10.0
-0.49, 2.38, 10.0
3.06, 1.38, 10.0
0.48, -2.31, 10.0
0.65, -2.65, 10.0
2.36, 1.82, 10.0
1.65, 0.53, 10.0
-0.15, 2.52, 10.0
0.17, -1.63, 10.0
1.85, 2.12, 10.0
0.94, 2.17, 10.0
3.6, -1.3, 10.0
1.78, 2.32, 10.0
0.75, -2.3, 10.0
-1.13, -0.64, 10.0
1.45, -2.2, 10.0
0.54, 0.15, 10.0
1.78, -2.07, 10.0
2.24, 0.44, 10.0
0.73, 1.52, 10.0
0.68, 2.02, 10.0
0.1, 2.26, 10.0
4.95, 0.53, 10.0
0.05, 1.77, 10.0
4.49, 1.32, 10.0
0.14, 1.16, 10.0
3.72, -1.24, 10.0
1.47, -2.32, 10.0
0.74, -1.47, 10.0
0.9, -1.76, 10.0
2.15, -1.03, 10.0
1.78, -1.89, 10.0
-0.3, -1.19, 10.0
4.72, 1.34, 10.0
-1.1, -0.51, 10.0
-0.64, -1.13, 10.0
-0.34, -0.78, 10.0
2.38, 2.17, 10.0
1.37, -1.34, 10.0
2.77, -0.27, 10.0
3.6, -0.59, 10.0
1.84, -0.49, 10.0
2.63, 1.25, 10.0
4.88, 0.21, 10.0
0.8, -0.89, 10.0
1.76, 0.11, 10.0
-0.45, -1.33, 10.0
0.27, -1.1, 10.0
-0.71, 2.09, 10.0
0.93, 1.01, 10.0
1.77, -1.83, 10.0
2.81, -0.38, 10.0
-0.53, 0.3, 10.0
0.39, -0.89, 10.0
0.55, -2.35, 10.0
1.4, -1.91, 10.0
0.96, -2.24, 10.0
0.16, -1.61, 10.0
1.08, 0.16, 10.0
4.13, 0.68, 10.0
1.83, -2.59, 10.0
-1.03, 0.75, 10.0
0.83, 1.66, 10.0
3.44, 0.19, 10.0
0.78, 2.57, 10.0
3.57, -0.28, 10.0
0.05, -2.12, 10.0
4.92, 0.91, 10.0
1.18, -1.39, 10.0
-0.62, 0.54, 10.0
1.88, -0.33, 10.0
1.85, -2.05, 10.0
0.29, -0.39, 10.0
-0.75, 1.29, 10.0
2.41, -2.25, 10.0
3.11, -1.09, 10.0
2.22, 0.0, 10.0
-0.59, 1.23, 10.0
2.72, -1.37, 10.0
4.68, 0.95, 10.0
1.26, 0.61, 10.0
0.72, -2.69, 10.0
1.25, -0.22, 10.0
-0.13, 0.37, 10.0
-0.41, 0.28, 10.0
0.26, -1.37, 10.0
1.33, 1.94, 10.0
1.17, -2.51, 10.0
-0.7, 1.55, 10.0
4.72, -0.15, 10.0
-0.77, -1.13, 10.0
0.78, -2.57, 10.0
0.32, -0.84, 10.0
2.12, 0.6, 10.0
2.33, -0.94, 10.0
2.06, -2.23, 10.0
4.95, 0.47, 10.0
2.09, -1.66, 10.0
1.39, -2.67, 10.0
2.56, 0.5, 10.0
2.64, 0.04, 10.0
0.66, 1.3, 10.0
-0.33, -2.04, 10.0
4.43, 0.12, 10.0
1.44, -2.8, 10.0
2.13, 1.39, 10.0
0.93, -2.47, 10.0
3.2, -1.07, 10.0
4.67, 1.27, 10.0
0.79, -2.72, 10.0
-0.1, -0.11, 10.0
0.64, 0.85, 10.0
4.02, -1.45, 10.0
-0.07, 0.99, 10.0
2.13, 0.4, 10.0
3.58, 0.46, 10.0
1.57, -2.07, 10.0
3.65, -0.26, 10.0
2.05, 0.41, 10.0
-0.01, -2.48, 10.0
2.62, -1.41, 10.0
1.73, -0.32, 10.0
1.73, -1.26, 10.0
1.87, -1.7, 10.0
0.98, 1.0, 10.0
1.85, 0.35, 10.0
4.39, -0.61, 10.0
-0.62, 0.79, 10.0
0.21, -1.37, 10.0
4.55, -1.12, 10.0
2.18, -1.44, 10.0
3.77, 0.97, 10.0
-0.19, -0.93, 10.0
0.9, -0.71, 10.0
-0.42, -0.62, 10.0
0.69, -1.03, 10.0
1.39, 2.05, 10.0
1.92, -0.42, 10.0
-0.07, 1.89, 10.0
0.63, 2.22, 10.0
1.65, -2.41, 10.0
1.97, -0.18, 10.0
0.32, -0.73, 10.0
3.28, 1.22, 10.0
-0.42, 2.43, 10.0
1.14, 1.36, 10.0
0.49, 2.77, 10.0
1.37, -0.81, 10.0
2.52, 1.33, 10.0
1.5, -2.64, 10.0
0.52, 1.87, 10.0
1.77, -2.58, 10.0
1.85, -2.26, 10.0
2.82, -1.59, 10.0
4.76, -0.59, 10.0
1.54, -1.93, 10.0
-0.53, -1.67, 10.0
0.15, 1.59, 10.0
1.3, 0.02, 10.0
-0.71, -0.8, 10.0
1.39, -2.85, 10.0
2.36, 0.87, 10.0
-0.25, -1.91, 10.0
0.13, -0.23, 10.0
4.93, 0.42, 10.0
4.23, 0.64, 10.0
2.61, -0.93, 10.0
1.53, -1.4, 10.0
3.29, -0.76, 10.0
1.08, 1.41, 10.0
-0.4, 0.76, 10.0
2.28, -0.53, 10.0
1.91, -1.07, 10.0
1.64, 1.37, 10.0
1.24, -1.67, 10.0
1.34, -0.66, 10.0
4.84, 0.64, 10.0
1.43, -0.36, 10.0
2.52, 2.02, 10.0
1.61, 2.26, 10.0
0.35, 1.6, 10.0
3.53, -0.74, 10.0
0.43, 0.05, 10.0
4.63, 0.77, 10.0
2.7, -0.66, 10.0
1.05, 0.96, 10.0
3.29, 0.15, 10.0
0.61, 2.13, 10.0
2.37, 1.38, 10.0
-0.91, 1.04, 10.0
2.34, 1.76, 10.0
1.32, -1.42, 10.0
2.59, -0.67, 10.0
1.74, 0.31, 10.0
1.77, -1.73, 10.0
0.51, 1.52, 10.0
0.14, -2.41, 10.0
4.06, -1.1, 10.0
0.49, 2.17, 10.0
0.4, -2.36, 10.0
1.44, 0.44, 10.0
0.03, 0.3, 10.0
0.81, 0.5, 10.0
0.33, -1.92, 10.0
1.16, -1.67, 10.0
2.49, 0.53, 10.0
0.4, -0.58, 10.0
2.92, -0.92, 10.0
-1.13, 1.4, 10.0
3.88, -0.53, 10.0
-0.42, -1.69, 10.0
-0.74, 1.94, 10.0
3.43, 0.51, 10.0
0.1, -1.15, 10.0
-0.48, -1.1, 10.0
3.18, -1.04, 10.0
1.97, 2.06, 10.0
3.28, -0.03, 10.0
0.63, 0.45, 10.0
1.04, -1.56, 10.0
4.27, 1.19, 10.0
0.76, -1.66, 10.0
1.38, -0.07, 10.0
0.85, 0.27, 10.0
1.03, -0.09, 10.0
4.42, -1.38, 10.0
1.2, 0.76, 10.0
4.2, 1.2, 10.0
2.21, 0.38, 10.0
0.11, 1.64, 10.0
0.99, -0.41, 10.0
1.64, 2.06, 10.0
2.1, 1.49, 10.0
0.7, -1.07, 10.0
0.08, 1.81, 10.0
2.66, -1.81, 10.0
4.77, -0.83, 10.0
-0.25, 0.71, 10.0
3.74, -1.33, 10.0
0.01, -1.75, 10.0
4.79, 0.99, 10.0
-0.06, 1.1, 10.0
-0.86, -0.3, 10.0
2.81, 0.7, 10.0
-0.72, 1.7, 10.0
0.02, 0.41, 10.0
-0.63, 1.88, 10.0
3.14, 0.64, 10.0
1.8, -1.99, 10.0
-0.09, -1.92, 10.0
-0.79, 0.88, 10.0
2.11, -0.67, 10.0
3.68, -0.84, 10.0
4.63, -1.43, 10.0
3.19, -0.94, 10.0
0.57, -1.98, 10.0
0.38, 2.74, 10.0
0.78, -1.84, 10.0
-0.32, 2.34, 10.0
4.01, 1.06, 10.0
3.89, -1.01, 10.0
3.42, -0.58, 10.0
3.28, 0.09, 10.0
-0.89, 0.35, 10.0
3.71, -1.13, 10.0
3.56, -0.37, 10.0
4.5, 0.58, 10.0
4.23, 0.94, 10.0
3.74, -0.9, 10.0
-0.29, 1.74, 10.0
3.75, 1.09, 10.0
-1.12, -1.35, 10.0
1.9, -2.07, 10.0
-0.45, 1.01, 10.0
2.13, -0.49, 10.0
-0.42, -2.39, 10.0
2.82, -0.64, 10.0
-0.26, -1.61, 10.0
2.51, 2.04, 10.0
0.83, 1.54, 10.0
1.37, -1.54, 10.0
4.08, 1.43, 10.0
2.03, 1.92, 10.0
0.61, -1.82, 10.0
3.23, 0.15, 10.0
3.97, 0.84, 10.0
1.21, -0.15, 10.0
4.16, -0.7, 10.0
0.71, -2.66, 10.0
4.24, 1.15, 10.0
4.77, -0.52, 10.0
-1.06, 0.57, 10.0
4.52, 0.58, 10.0
2.35, -0.76, 10.0
2.49, -0.48, 10.0
0.09, 0.76, 10.0
1.1, -2.46, 10.0
0.53, -1.13, 10.0
-0.12, 0.81, 10.0
0.78, 0.03, 10.0
1.37, 1.32, 10.0
0.54, 2.67, 10.0
2.09, -0.32, 10.0
3.2, -1.07, 10.0
0.79, -0.09, 10.0
2.17, -2.54, 10.0
3.59, -0.51, 10.0
1.13, -0.39, 10.0
1.89, 1.68, 10.0
1.04, 1.58, 10.0
0.57, -1.55, 10.0
1.46, 1.39, 10.0
1.95, -1.03, 10.0
4.0, -1.12, 10.0
1.7, -0.27, 10.0
1.3, 2.43, 10.0
4.73, 0.08, 10.0
4.65, -0.85, 10.0
4.17, 1.15, 10.0
2.51, -0.26, 10.0
0.73, -0.01, 10.0
0.53, 1.87, 10.0
-0.69, 2.23, 10.0
1.5, -1.06, 10.0
4.18, 0.75, 10.0
2.56, -1.78, 10.0
0.35, 2.11, 10.0
-0.43, 1.6, 10.0
4.27, -1.05, 10.0
0.84, 0.18, 10.0
0.04, 1.39, 10.0
0.5, -2.65, 10.0
1.61, -2.11, 10.0
0.14, -2.09, 10.0
1.25, -1.72, 10.0
2.33, 0.32, 10.0
0.11, -0.79, 10.0
1.35, -1.03, 10.0
1.71, 2.85, 10.0
4.04, -1.46, 10.0
1.39, -0.07, 10.0
0.89, -0.19, 10.0
-0.04, -0.33, 10.0
0.54, 1.64, 10.0
4.24, -1.48, 10.0
2.06, -1.99, 10.0
4.36, 1.25, 10.0
2.95, -0.21, 10.0
0.36, -2.53, 10.0
1.26, 1.11, 10.0
0.38, 1.27, 10.0
1.52, -1.84, 10.0
4.65, -1.55, 10.0
4.69, 0.86, 10.0
1.47, 0.49, 10.0
4.17, -0.42, 10.0
-0.44, -2.32, 10.0
4.78, -0.08, 10.0
-0.03, 2.58, 10.0
1.05, 2.6, 10.0
4.06, -0.55, 10.0
2.88, -1.68, 10.0
-1.14, 1.06, 10.0
1.16, 2.33, 10.0
0.41, -0.93, 10.0
3.83, 0.59, 10.0
2.81, 0.58, 10.0
3.66, -0.46, 10.0
3.27, 0.86, 10.0
-0.03, -1.96, 10.0
0.13, -2.04, 10.0
4.06, 1.43, 10.0
2.49, 1.23, 10.0
4.92, 0.34, 10.0
2.05, -0.31, 10.0
-0.01, -1.95, 10.0
2.89, -0.06, 10.0
3.9, -0.09, 10.0
-0.97, 1.31, 10.0
-1.07, -1.08, 10.0
4.86, 1.03, 10.0
-0.13, -0.55, 10.0
1.06, 0.57, 10.0
-0.44, 2.0, 10.0
4.74, -1.47, 10.0
0.84, 1.91, 10.0
1.8, -1.43, 10.0
0.74, -0.13, 10.0
-0.36, -1.98, 10.0
1.07, -0.08, 10.0
2.52, 0.23, 10.0
2.33, -2.23, 10.0
0.12, -2.19, 10.0
1.26, -1.21, 10.0
1.18, -1.27, 10.0
1.41, -1.06, 10.0
-0.04, -0.24, 10.0
1.27, 0.89, 10.0
2.5, -1.69, 10.0
2.89, -0.96, 10.0
0.11, 2.77, 10.0
-0.76, -1.67, 10.0
-0.15, -2.21, 10.0
0.6, 0.02, 10.0
1.04, 2.73, 10.0
0.48, -2.27, 10.0
1.42, -0.5, 10.0
4.76, 0.39, 10.0
3.23, -0.25, 10.0
-1.11, 1.1, 10.0
-0.53, -1.43, 10.0
1.92, 0.27, 10.0
-0.87, -1.06, 10.0
1.8, -2.58, 10.0
1.06, -1.61, 10.0
3.87, -0.82, 10.0
2.64, 1.51, 10.0
3.23, 0.19, 10.0
-0.89, -1.69, 10.0
0.42, -0.39, 10.0
0.84, -0.74, 10.0
-0.33, 1.38, 10.0
4.64, 1.02, 10.0
0.0, -0.69, 10.0
0.97, 2.0, 10.0
4.35, -0.39, 10.0
1.99, 2.41, 10.0
1.0, 1.87, 10.0
0.35, -0.54, 10.0
2.32, -2.29, 10.0
3.26, 0.39, 10.0
-0.44, -0.64, 10.0
0.88, 0.68, 10.0
2.62, 1.21, 10.0
0.25, 1.84, 10.0
4.64, 1.1, 10.0
2.49, 2.23, 10.0
0.41, 1.56, 10.0
2.71, -1.67, 10.0
4.59, -1.04, 10.0
-0.33, 2.19, 10.0
-0.1, 0.87, 10.0
1.22, -1.81, 10.0
2.29, 2.12, 10.0
1.45, 1.27, 10.0
1.32, -2.74, 10.0
3.41, 0.48, 10.0
3.91, -0.62, 10.0
0.7, -0.07, 10.0
-0.35, 0.21, 10.0
2.94, -1.48, 10.0
0.32, 2.9, 10.0
0.97, -2.64, 10.0
-0.11, 0.81, 10.0
0.74, -1.17, 10.0
1.44, 0.95, 10.0
3.87, -1.43, 10.0
1.29, 0.48, 10.0
0.1, 1.94, 10.0
0.15, -2.26, 10.0
-0.53, -0.33, 10.0
-0.23, -1.78, 10.0
2.96, 0.04, 10.0
3.01, 1.05, 10.0
2.83, -1.35, 10.0
3.31, 1.09, 10.0
0.88, 2.81, 10.0
0.6, 0.31, 10.0
3.99, -0.95, 10.0
0.92, 0.78, 10.0
3.4, -0.71, 10.0
-0.6, 2.2, 10.0
0.11, -1.66, 10.0
0.39, 1.62, 10.0
2.32, 0.01, 10.0
2.38, 1.59, 10.0
3.83, 0.49, 10.0
0.28, 1.56, 10.0
-0.5, -1.95, 10.0
4.44, -0.37, 10.0
2.3, 2.22, 10.0
2.01, 2.34, 10.0
-0.09, -1.83, 10.0
1.65, -1.32, 10.0
1.73, -1.66, 10.0
-0.7, 0.63, 10.0
2.7, 1.63, 10.0
2.29, -0.4, 10.0
4.02, -0.91, 10.0
-0.39, 1.02, 10.0
3.53, -1.1, 10.0
4.61, 0.61, 10.0
0.1, 1.31, 10.0
1.36, 2.52, 10.0
4.83, -0.7, 10.0
0.35, -2.2, 10.0
-0.06, -0.58, 10.0
2.36, 2.4, 10.0
1.05, 1.5, 10.0
3.04, -0.91, 10.0
2.94, 1.12, 10.0
-1.11, -0.47, 10.0
-0.21, -0.84, 10.0
0.63, -0.12, 10.0
0.78, -2.67, 10.0
-0.57, -2.2, 10.0
0.75, -0.07, 10.0
-0.84, -1.31, 10.0
-1.02, 0.7, 10.0
2.11, 0.31, 10.0
2.67, -1.72, 10.0
-0.76, -1.23, 10.0
2.83, -1.5, 10.0
0.28, -1.73, 10.0
1.25, -1.29, 10.0
4.2, 0.73, 10.0
2.88, 0.09, 10.0
-0.98, 1.58, 10.0
1.26, -0.41, 10.0
0.89, 2.32, 10.0
0.21, 2.14, 10.0
3.82, 1.18, 10.0
0.69, -1.41, 10.0
3.04, 1.36, 10.0
2.38, -2.0, 10.0
1.29, -1.15, 10.0
1.25, -1.16, 10.0
-0.37, -1.54, 10.0
4.19, 1.18, 10.0
0.32, -2.73, 10.0
4.4, -0.64, 10.0
-0.62, -0.35, 10.0
1.15, -0.22, 10.0
4.27, -0.99, 10.0
0.45, -2.0, 10.0
1.42, -0.31, 10.0
2.53, 2.15, 10.0
3.1, -0.72, 10.0
-0.06, 0.9, 10.0
2.5, 1.91, 10.0
1.67, 0.71, 10.0
-0.19, 2.33, 10.0
2.51, 1.05, 10.0
3.03, -0.42, 10.0
0.02, 0.99, 10.0
3.53, 0.79, 10.0
-1.07, 0.84, 10.0
4.82, 0.07, 10.0
0.01, -2.49, 10.0
-1.02, -1.56, 10.0
1.46, 0.23, 10.0
4.68, 0.42, 10.0
4.95, 0.55, 10.0
1.99, -1.82, 10.0
2.34, -1.25, 10.0
1.1, 2.57, 10.0
1.99, 2.3, 10.0
-0.54, -1.05, 10.0
1.0, 1.12, 10.0
0.5, -2.39, 10.0
0.01, 1.68, 10.0
2.01, 1.37, 10.0
-0.3, -2.08, 10.0
1.34, -0.59, 10.0
1.44, 2.25, 10.0
3.82, -0.27, 10.0
2.71, -0.83, 10.0
4.04, -0.94, 10.0
1.74, 0.03, 10.0
3.48, -1.32, 10.0
0.18, -0.11, 10.0
3.74, 0.66, 10.0
2.49, 0.66, 10.0
-0.65, 1.04, 10.0
0.9, -1.88, 10.0
-0.2, 2.07, 10.0
3.49, -0.75, 10.0
0.71, -0.52, 10.0
2.52, -1.17, 10.0
1.9, -1.24, 10.0
2.73, 1.01, 10.0
1.0, -2.08, 10.0
-0.77, 0.74, 10.0
1.01, -0.46, 10.0
0.57, -2.68, 10.0
0.33, 0.41, 10.0
2.23, 0.62, 10.0
2.07, -2.45, 10.0
3.81, 1.36, 10.0
0.74, -1.94, 10.0
1.67, -0.66, 10.0
2.02, 0.33, 10.0
1.65, -1.22, 10.0
4.88, -1.03, 10.0
4.83, 0.41, 10.0
-1.1, 1.17, 10.0
0.35, 2.36, 10.0
0.31, 2.16, 10.0
-0.84, -1.76, 10.0
3.75, 0.61, 10.0
0.0, 2.52, 10.0
-1.15, 0.41, 10.0
4.77, -0.46, 10.0
3.8, 1.12, 10.0
2.42, -0.2, 10.0
1.26, -2.49, 10.0
0.82, 0.52, 10.0
4.15, 0.24, 10.0
1.89, 2.17, 10.0
-0.84, -0.6, 10.0
0.11, -0.98, 10.0
-0.58, -1.85, 10.0
4.15, -0.3, 10.0
4.92, -0.43, 10.0
0.38, -2.19, 10.0
4.44, -0.16, 10.0
3.88, -0.07, 10.0
-0.57, 0.79, 10.0
4.53, 1.56, 10.0
3.75, -0.99, 10.0
2.12, -1.97, 10.0
1.71, 0.06, 10.0
1.63, 0.17, 10.0
0.9, -0.21, 10.0
3.75, -0.99, 10.0
4.12, -0.47, 10.0
2.13, -2.56, 10.0
0.7, -1.73, 10.0
0.67, 0.53, 10.0
1.78, 1.71, 10.0
3.81, 0.29, 10.0
1.66, 2.76, 10.0
0.73, -2.23, 10.0
3.79, 0.91, 10.0
-0.74, 2.12, 10.0
2.45, 0.25, 10.0
2.13, 0.44, 10.0
0.59, 0.14, 10.0
4.74, 0.03, 10.0
0.1, 1.47, 10.0
3.17, -0.88, 10.0
2.66, -1.21, 10.0
1.62, 2.45, 10.0
0.18, 2.71, 10.0
2.02, 1.49, 10.0
1.27, 2.5, 10.0
-0.92, 0.57, 10.0
3.05, -1.35, 10.0
3.86, -0.88, 10.0
0.59, -1.51, 10.0
1.26, 0.66, 10.0
0.73, 1.16, 10.0
4.63, -0.63, 10.0
3.92, 0.69, 10.0
2.88, 0.78, 10.0
3.73, -0.8, 10.0
2.05, 0.3, 10.0
2.42, 1.48, 10.0
1.25, -0.76, 10.0
3.14, 0.13, 10.0
-0.18, -0.14, 10.0
4.29, -1.12, 10.0
3.9, -0.15, 10.0
3.66, -0.41, 10.0
2.67, 0.22, 10.0
0.17, -2.6, 10.0
2.07, 1.59, 10.0
4.18, 1.51, 10.0
3.61, -0.18, 10.0
4.03, -0.04, 10.0
4.59, -0.69, 10.0
1.48, 0.56, 10.0
-0.17, 0.41, 10.0
2.8, 0.13, 10.0
1.49, 2.4, 10.0
0.11, 0.3, 10.0
0.66, 2.81, 10.0
4.96, -0.53, 10.0
-0.69, -0.53, 10.0
0.47, 1.64, 10.0
-0.35, 0.44, 10.0
-0.25, -1.36, 10.0
3.3, 1.29, 10.0
1.9, -0.63, 10.0
2.14, -1.09, 10.0
2.88, 0.34, 10.0
-0.16, 0.55, 10.0
-0.97, 1.48, 10.0
2.56, 0.22, 10.0
3.55, -0.26, 10.0
4.66, -0.24, 10.0
2.24, -1.65, 10.0
4.53, 0.95, 10.0
0.25, 1.7, 10.0
1.9, -2.32, 10.0
1.84, -2.72, 10.0
-1.16, -1.26, 10.0
2.96, -0.23, 10.0
2.52, 0.83, 10.0
1.72, 2.05, 10.0
2.73, -1.81, 10.0
0.22, -0.12, 10.0
4.64, -1.14, 10.0
-0.03, 0.62, 10.0
1.31, -1.99, 10.0
4.87, -0.02, 10.0
3.3, -0.32, 10.0
4.29, 1.18, 10.0
1.0, -2.84, 10.0
1.81, 2.21, 10.0
2.26, 0.29, 10.0
-0.27, -1.2, 10.0
1.63, 2.28, 10.0
4.11, -0.37, 10.0
0.8, 1.47, 10.0
4.82, -0.01, 10.0
1.79, 2.52, 10.0
1.21, 2.14, 10.0
0.17, -1.88, 10.0
1.26, 0.12, 10.0
-0.71, 0.5, 10.0
-0.57, -0.27, 10.0
2.3, -0.25, 10.0
2.37, -1.99, 10.0
0.53, 0.37, 10.0
1.01, 2.64, 10.0
-0.94, -1.03, 10.0
4.4, -0.73, 10.0
4.82, -0.47, 10.0
2.0, 1.25, 10.0
2.19, 2.03, 10.0
2.83, -0.76, 10.0
1.98, 2.39, 10.0
1.49, -2.12, 10.0
4.08, -1.46, 10.0
1.2, 1.93, 10.0
2.38, -0.81, 10.0
1.9, -0.53, 10.0
1.47, 1.77, 10.0
4.72, -0.09, 10.0
1.84, -1.98, 10.0
2.73, 1.34, 10.0
-0.61, -1.61, 10.0
4.05, 1.01, 10.0
-0.06, 1.23, 10.0
2.22, -0.99, 10.0
2.32, 0.56, 10.0
2.33, -0.88, 10.0
0.8, 2.6, 10.0
-0.85, 1.34, 10.0
-0.34, 2.23, 10.0
3.47, 0.44, 10.0
0.91, -1.98, 10.0
0.67, 0.73, 10.0
2.62, 2.08, 10.0
0.75, 0.57, 10.0
3.47, -1.06, 10.0
3.33, -1.27, 10.0
3.0, 0.82, 10.0
2.12, 1.85, 10.0
1.52, -2.71, 10.0
0.02, -1.35, 10.0
2.52, 0.56, 10.0
1.01, -2.55, 10.0
2.71, 1.44, 10.0
1.99, 1.67, 10.0
-0.22, 2.1, 10.0
1.61, -1.19, 10.0
1.29, -1.83, 10.0
1.12, 0.09, 10.0
0.0, 0.09, 10.0
-0.18, 0.76, 10.0
-0.43, 1.79, 10.0
4.06, 0.22, 10.0
4.55, -0.45, 10.0
0.94, -2.09, 10.0
3.24, -0.95, 10.0
-0.47, 2.35, 10.0
1.79, 2.55, 10.0
2.1, -2.1, 10.0
0.0, -1.11, 10.0
4.29, 0.85, 10.0
-0.1, -0.9, 10.0
-0.52, -0.44, 10.0
-0.67, 2.04, 10.0
-0.53, 0.38, 10.0
0.74, -0.68, 10.0
0.08, -2.37, 10.0
2.26, -2.41, 10.0
-0.61, 1.5, 10.0
4.18, 0.1, 10.0
